DB 245, 245, 245, 245, 245, 245, 245, 245, 245, 245, 245, 245, 245, 245, 245, 245, 245, 245, 245, 245
DB 245, 245, 245, 245, 245, 245, 245, 245, 245, 245, 245, 245, 245, 245, 245, 245, 245, 245, 245, 245
DB 245, 245, 245, 245, 245, 245, 245, 245, 245, 245, 245, 245, 245, 245, 245, 245, 245, 245, 245, 245
DB 245, 245, 245, 245, 245, 245, 245, 245, 245, 245, 245, 245, 245, 245, 245, 245, 245, 245, 245, 245
DB 245, 245, 245, 245, 245, 245, 245, 245, 245, 245, 245, 245, 245, 245, 245, 245, 245, 245, 245, 245
DB 245, 245, 245, 245, 245, 245, 245, 245, 245, 245, 245, 245, 245, 245, 245, 245, 245, 245, 245, 245
DB 245, 245, 245, 245, 245, 245, 245, 245, 245, 245, 245, 245, 245, 245, 245, 245, 245, 245, 245, 245
DB 245, 245, 245, 245, 245, 245, 245, 245, 245, 245, 245, 245, 245, 245, 245, 245, 245, 245, 245, 245
DB 245, 245, 245, 245, 245, 245, 245, 245, 245, 245, 245, 245, 245, 245, 245, 245, 245, 245, 245, 245
DB 245, 245, 245, 245, 245, 245, 245, 245, 245, 245, 245, 245, 245, 245, 245, 245, 245, 245, 245, 245
DB 245, 245, 245, 245, 245, 245, 245, 245, 245, 245, 245, 245, 245, 245, 245, 245, 245, 245, 245, 245
DB 245, 245, 245, 245, 245, 245, 245, 245, 245, 245, 245, 245, 245, 245, 245, 245, 245, 245, 245, 245
DB 245, 245, 245, 245, 245, 245, 245, 245, 245, 245, 245, 245, 245, 245, 245, 245, 245, 245, 245, 245
DB 245, 245, 245, 245, 245, 245, 245, 245, 245, 245, 245, 245, 245, 245, 245, 245, 245, 245, 245, 245
DB 245, 245, 245, 245, 245, 245, 245, 245, 245, 245, 245, 245, 245, 245, 245, 245, 245, 245, 245, 245
DB 245, 245, 245, 245, 245, 245, 245, 245, 245, 245, 245, 245, 245, 245, 245, 245, 245, 245, 245, 245
DB 245, 245, 245, 245, 245, 245, 245, 245, 245, 245, 245, 245, 245, 245, 245, 245, 245, 245, 245, 245
DB 245, 245, 245, 245, 245, 245, 245, 245, 245, 245, 245, 245, 245, 245, 245, 245, 245, 245, 245, 245
DB 245, 245, 245, 245, 245, 245, 245, 245, 245, 245, 245, 245, 245, 245, 245, 245, 245, 245, 245, 245
DB 245, 245, 245, 245, 245, 245, 245, 245, 245, 245, 245, 245, 245, 245, 245, 245, 245, 245, 245, 245
DB 245, 245, 245, 245, 245, 245, 245, 245, 245, 245, 245, 245, 245, 245, 245, 245, 245, 245, 245, 245
DB 245, 245, 245, 245, 245, 245, 245, 245, 245, 245, 245, 245, 245, 245, 245, 245, 245, 245, 245, 245
DB 245, 245, 245, 245, 245, 245, 245, 245, 245, 245, 245, 245, 245, 245, 245, 245, 245, 245, 245, 245
DB 245, 245, 245, 245, 245, 245, 245, 245, 245, 245, 245, 245, 245, 245, 245, 245, 245, 245, 245, 245
DB 245, 245, 245, 245, 245, 245, 245, 245, 245, 245, 245, 245, 245, 245, 245, 245, 245, 245, 245, 245
DB 245, 245, 245, 245, 245, 245, 245, 245, 245, 245, 245, 245, 245, 245, 245, 245, 245, 245, 245, 245
DB 245, 245, 245, 245, 245, 245, 245, 245, 245, 245, 245, 245, 245, 245, 245, 245, 245, 245, 245, 245
DB 245, 245, 245, 245, 245, 245, 245, 245, 245, 245, 245, 245, 245, 245, 245, 245, 245, 245, 245, 245
DB 245, 245, 245, 245, 245, 245, 245, 245, 245, 245, 245, 245, 245, 245, 245, 245, 245, 245, 245, 245
DB 245, 245, 245, 245, 245, 245, 245, 245, 245, 245, 245, 245, 245, 245, 245, 245, 245, 245, 245, 245
DB 245, 245, 245, 245, 245, 245, 245, 245, 245, 245, 245, 245, 245, 245, 245, 245, 245, 245, 245, 245
DB 245, 245, 245, 245, 23, 30, 15, 15, 28, 245, 245, 245, 245, 24, 27, 28, 25, 245, 245, 245
DB 245, 245, 245, 245, 245, 23, 30, 15, 15, 28, 245, 245, 245, 245, 24, 27, 28, 25, 245, 245
DB 245, 245, 245, 245, 245, 23, 30, 15, 15, 28, 245, 245, 245, 245, 24, 27, 28, 25, 245, 245
DB 245, 245, 245, 245, 245, 23, 30, 15, 15, 28, 245, 245, 245, 245, 24, 27, 28, 25, 245, 245
DB 245, 245, 245, 245, 245, 23, 30, 15, 15, 28, 245, 245, 245, 245, 24, 27, 28, 25, 245, 245
DB 245, 245, 245, 245, 245, 245, 23, 30, 15, 15, 28, 245, 245, 245, 245, 24, 27, 28, 25, 245
DB 245, 245, 245, 245, 245, 245, 23, 30, 15, 15, 28, 245, 245, 245, 245, 24, 27, 28, 25, 245
DB 245, 245, 245, 245, 245, 245, 245, 23, 30, 15, 15, 28, 245, 245, 245, 245, 24, 27, 28, 25
DB 245, 245, 245, 245, 245, 245, 245, 245, 23, 30, 15, 15, 28, 245, 245, 245, 245, 24, 27, 28
DB 25, 245, 245, 245, 245, 245, 245, 245, 245, 23, 30, 15, 15, 28, 245, 245, 245, 245, 24, 27
DB 28, 25, 245, 245, 245, 245, 245, 245, 245, 245, 25, 15, 15, 15, 15, 15, 27, 245, 245, 30
DB 15, 15, 15, 15, 29, 245, 245, 245, 245, 245, 245, 25, 15, 15, 15, 15, 15, 27, 245, 245
DB 30, 15, 15, 15, 15, 29, 245, 245, 245, 245, 245, 25, 15, 15, 15, 15, 15, 27, 245, 245
DB 30, 15, 15, 15, 15, 29, 245, 245, 245, 245, 245, 25, 15, 15, 15, 15, 15, 27, 245, 245
DB 30, 15, 15, 15, 15, 29, 245, 245, 245, 245, 245, 25, 15, 15, 15, 15, 15, 27, 245, 245
DB 30, 15, 15, 15, 15, 29, 245, 245, 245, 245, 245, 245, 25, 15, 15, 15, 15, 15, 27, 245
DB 245, 30, 15, 15, 15, 15, 29, 245, 245, 245, 245, 245, 25, 15, 15, 15, 15, 15, 27, 245
DB 245, 30, 15, 15, 15, 15, 29, 245, 245, 245, 245, 245, 245, 25, 15, 15, 15, 15, 15, 27
DB 245, 245, 30, 15, 15, 15, 15, 29, 245, 245, 245, 245, 245, 245, 25, 15, 15, 15, 15, 15
DB 27, 245, 245, 30, 15, 15, 15, 15, 29, 245, 245, 245, 245, 245, 245, 25, 15, 15, 15, 15
DB 15, 27, 245, 245, 30, 15, 15, 15, 15, 29, 245, 245, 245, 245, 245, 245, 245, 15, 15, 15
DB 15, 15, 15, 15, 27, 29, 15, 15, 15, 15, 15, 15, 30, 245, 245, 245, 245, 245, 15, 15
DB 15, 15, 15, 15, 15, 27, 29, 15, 15, 15, 15, 15, 15, 30, 245, 245, 245, 245, 15, 15
DB 15, 15, 15, 15, 15, 27, 29, 15, 15, 15, 15, 15, 15, 30, 245, 245, 245, 245, 15, 15
DB 15, 15, 15, 15, 15, 27, 29, 15, 15, 15, 15, 15, 15, 30, 245, 245, 245, 245, 15, 15
DB 15, 15, 15, 15, 15, 27, 29, 15, 15, 15, 15, 15, 15, 30, 245, 245, 245, 245, 245, 15
DB 15, 15, 15, 15, 15, 15, 27, 29, 15, 15, 15, 15, 15, 15, 30, 245, 245, 245, 245, 15
DB 15, 15, 15, 15, 15, 15, 27, 29, 15, 15, 15, 15, 15, 15, 30, 245, 245, 245, 245, 245
DB 15, 15, 15, 15, 15, 15, 15, 27, 29, 15, 15, 15, 15, 15, 15, 30, 245, 245, 245, 245
DB 245, 15, 15, 15, 15, 15, 15, 15, 27, 29, 15, 15, 15, 15, 15, 15, 30, 245, 245, 245
DB 245, 245, 15, 15, 15, 15, 15, 15, 15, 27, 29, 15, 15, 15, 15, 15, 15, 30, 245, 245
DB 245, 245, 245, 25, 15, 15, 15, 15, 15, 15, 15, 15, 15, 15, 15, 15, 15, 15, 15, 15
DB 245, 245, 245, 245, 25, 15, 15, 15, 15, 15, 15, 15, 15, 15, 15, 15, 15, 15, 15, 15
DB 15, 245, 245, 245, 25, 15, 15, 15, 15, 15, 15, 15, 15, 15, 15, 15, 15, 15, 15, 15
DB 15, 245, 245, 245, 25, 15, 15, 15, 15, 15, 15, 15, 15, 15, 15, 15, 15, 15, 15, 15
DB 15, 245, 245, 245, 25, 15, 15, 15, 15, 15, 15, 15, 15, 15, 15, 15, 15, 15, 15, 15
DB 15, 245, 245, 245, 245, 25, 15, 15, 15, 15, 15, 15, 15, 15, 15, 15, 15, 15, 15, 15
DB 15, 15, 245, 245, 245, 25, 15, 15, 15, 15, 15, 15, 15, 15, 15, 15, 15, 15, 15, 15
DB 15, 15, 245, 245, 245, 245, 25, 15, 15, 15, 15, 15, 15, 15, 15, 15, 15, 15, 15, 15
DB 15, 15, 15, 245, 245, 245, 245, 25, 15, 15, 15, 15, 15, 15, 15, 15, 15, 15, 15, 15
DB 15, 15, 15, 15, 245, 245, 245, 245, 25, 15, 15, 15, 15, 15, 15, 15, 15, 15, 15, 15
DB 15, 15, 15, 15, 15, 245, 245, 245, 245, 245, 25, 15, 15, 15, 15, 15, 15, 15, 15, 15
DB 15, 15, 15, 15, 15, 15, 29, 245, 245, 245, 245, 25, 15, 15, 15, 15, 15, 15, 15, 15
DB 15, 15, 15, 15, 15, 15, 15, 29, 245, 245, 245, 25, 15, 15, 15, 15, 15, 15, 15, 15
DB 15, 15, 15, 15, 15, 15, 15, 29, 245, 245, 245, 25, 15, 15, 15, 15, 15, 15, 15, 15
DB 15, 15, 15, 15, 15, 15, 15, 29, 245, 245, 245, 25, 15, 15, 15, 15, 15, 15, 15, 15
DB 15, 15, 15, 15, 15, 15, 15, 29, 245, 245, 245, 245, 25, 15, 15, 15, 15, 15, 15, 15
DB 15, 15, 15, 15, 15, 15, 15, 15, 29, 245, 245, 245, 25, 15, 15, 15, 15, 15, 15, 15
DB 15, 15, 15, 15, 15, 15, 15, 15, 29, 245, 245, 245, 245, 25, 15, 15, 15, 15, 15, 15
DB 15, 15, 15, 15, 15, 15, 15, 15, 15, 29, 245, 245, 245, 245, 25, 15, 15, 15, 15, 15
DB 15, 15, 15, 15, 15, 15, 15, 15, 15, 15, 29, 245, 245, 245, 245, 25, 15, 15, 15, 15
DB 15, 15, 15, 15, 15, 15, 15, 15, 15, 15, 15, 29, 245, 245, 245, 245, 245, 245, 15, 15
DB 15, 15, 15, 15, 15, 15, 15, 15, 15, 15, 15, 15, 15, 160, 245, 245, 245, 245, 245, 15
DB 15, 15, 15, 15, 15, 15, 15, 15, 15, 15, 15, 15, 15, 15, 160, 245, 245, 245, 245, 15
DB 15, 15, 15, 15, 15, 15, 15, 15, 15, 15, 15, 15, 15, 15, 160, 245, 245, 245, 245, 15
DB 15, 15, 15, 15, 15, 15, 15, 15, 15, 15, 15, 15, 15, 15, 160, 245, 245, 245, 245, 15
DB 15, 15, 15, 15, 15, 15, 15, 15, 15, 15, 15, 15, 15, 15, 160, 245, 245, 245, 245, 245
DB 15, 15, 15, 15, 15, 15, 15, 15, 15, 15, 15, 15, 15, 15, 15, 160, 245, 245, 245, 245
DB 15, 15, 15, 15, 15, 15, 15, 15, 15, 15, 15, 15, 15, 15, 15, 160, 245, 245, 245, 245
DB 245, 15, 15, 15, 15, 15, 15, 15, 15, 15, 15, 15, 15, 15, 15, 15, 160, 245, 245, 245
DB 245, 245, 15, 15, 15, 15, 15, 15, 15, 15, 15, 15, 15, 15, 15, 15, 15, 160, 245, 245
DB 245, 245, 245, 15, 15, 15, 15, 15, 15, 15, 15, 15, 15, 15, 15, 15, 15, 15, 160, 245
DB 245, 245, 245, 245, 245, 245, 15, 15, 15, 15, 15, 15, 15, 15, 15, 15, 15, 15, 15, 158
DB 245, 245, 245, 245, 245, 245, 245, 15, 15, 15, 15, 15, 15, 15, 15, 15, 15, 15, 15, 15
DB 158, 245, 245, 245, 245, 245, 245, 15, 15, 15, 15, 15, 15, 15, 15, 15, 15, 15, 15, 15
DB 158, 245, 245, 245, 245, 245, 245, 15, 15, 15, 15, 15, 15, 15, 15, 15, 15, 15, 15, 15
DB 158, 245, 245, 245, 245, 245, 245, 15, 15, 15, 15, 15, 15, 15, 15, 15, 15, 15, 15, 15
DB 158, 245, 245, 245, 245, 245, 245, 245, 15, 15, 15, 15, 15, 15, 15, 15, 15, 15, 15, 15
DB 15, 158, 245, 245, 245, 245, 245, 245, 15, 15, 15, 15, 15, 15, 15, 15, 15, 15, 15, 15
DB 15, 158, 245, 245, 245, 245, 245, 245, 245, 15, 15, 15, 15, 15, 15, 15, 15, 15, 15, 15
DB 15, 15, 158, 245, 245, 245, 245, 245, 245, 245, 15, 15, 15, 15, 15, 15, 15, 15, 15, 15
DB 15, 15, 15, 158, 245, 245, 245, 245, 245, 245, 245, 15, 15, 15, 15, 15, 15, 15, 15, 15
DB 15, 15, 15, 15, 158, 245, 245, 245, 245, 245, 245, 245, 245, 23, 15, 15, 15, 15, 15, 15
DB 15, 15, 15, 15, 15, 23, 245, 245, 245, 245, 245, 245, 245, 245, 23, 15, 15, 15, 15, 15
DB 15, 15, 15, 15, 15, 15, 23, 245, 245, 245, 245, 245, 245, 245, 23, 15, 15, 15, 15, 15
DB 15, 15, 15, 15, 15, 15, 23, 245, 245, 245, 245, 245, 245, 245, 23, 15, 15, 15, 15, 15
DB 15, 15, 15, 15, 15, 15, 23, 245, 245, 245, 245, 245, 245, 245, 23, 15, 15, 15, 15, 15
DB 15, 15, 15, 15, 15, 15, 23, 245, 245, 245, 245, 245, 245, 245, 245, 23, 15, 15, 15, 15
DB 15, 15, 15, 15, 15, 15, 15, 23, 245, 245, 245, 245, 245, 245, 245, 23, 15, 15, 15, 15
DB 15, 15, 15, 15, 15, 15, 15, 23, 245, 245, 245, 245, 245, 245, 245, 245, 23, 15, 15, 15
DB 15, 15, 15, 15, 15, 15, 15, 15, 23, 245, 245, 245, 245, 245, 245, 245, 245, 23, 15, 15
DB 15, 15, 15, 15, 15, 15, 15, 15, 15, 23, 245, 245, 245, 245, 245, 245, 245, 245, 23, 15
DB 15, 15, 15, 15, 15, 15, 15, 15, 15, 15, 23, 245, 245, 245, 245, 245, 245, 245, 245, 245
DB 245, 245, 30, 15, 15, 15, 15, 15, 15, 15, 15, 7, 245, 245, 245, 245, 245, 245, 245, 245
DB 245, 245, 245, 30, 15, 15, 15, 15, 15, 15, 15, 15, 7, 245, 245, 245, 245, 245, 245, 245
DB 245, 245, 245, 30, 15, 15, 15, 15, 15, 15, 15, 15, 7, 245, 245, 245, 245, 245, 245, 245
DB 245, 245, 245, 30, 15, 15, 15, 15, 15, 15, 15, 15, 7, 245, 245, 245, 245, 245, 245, 245
DB 245, 245, 245, 30, 15, 15, 15, 15, 15, 15, 15, 15, 7, 245, 245, 245, 245, 245, 245, 245
DB 245, 245, 245, 245, 30, 15, 15, 15, 15, 15, 15, 15, 15, 7, 245, 245, 245, 245, 245, 245
DB 245, 245, 245, 245, 30, 15, 15, 15, 15, 15, 15, 15, 15, 7, 245, 245, 245, 245, 245, 245
DB 245, 245, 245, 245, 245, 30, 15, 15, 15, 15, 15, 15, 15, 15, 7, 245, 245, 245, 245, 245
DB 245, 245, 245, 245, 245, 245, 30, 15, 15, 15, 15, 15, 15, 15, 15, 7, 245, 245, 245, 245
DB 245, 245, 245, 245, 245, 245, 245, 30, 15, 15, 15, 15, 15, 15, 15, 15, 7, 245, 245, 245
DB 245, 245, 245, 245, 245, 245, 245, 245, 245, 245, 15, 15, 15, 15, 15, 15, 15, 24, 245, 245
DB 245, 245, 245, 245, 245, 245, 245, 245, 245, 245, 245, 15, 15, 15, 15, 15, 15, 15, 24, 245
DB 245, 245, 245, 245, 245, 245, 245, 245, 245, 245, 245, 15, 15, 15, 15, 15, 15, 15, 24, 245
DB 245, 245, 245, 245, 245, 245, 245, 245, 245, 245, 245, 15, 15, 15, 15, 15, 15, 15, 24, 245
DB 245, 245, 245, 245, 245, 245, 245, 245, 245, 245, 245, 15, 15, 15, 15, 15, 15, 15, 24, 245
DB 245, 245, 245, 245, 245, 245, 245, 245, 245, 245, 245, 245, 15, 15, 15, 15, 15, 15, 15, 24
DB 245, 245, 245, 245, 245, 245, 245, 245, 245, 245, 245, 245, 15, 15, 15, 15, 15, 15, 15, 24
DB 245, 245, 245, 245, 245, 245, 245, 245, 245, 245, 245, 245, 245, 15, 15, 15, 15, 15, 15, 15
DB 24, 245, 245, 245, 245, 245, 245, 245, 245, 245, 245, 245, 245, 245, 15, 15, 15, 15, 15, 15
DB 15, 24, 245, 245, 245, 245, 245, 245, 245, 245, 245, 245, 245, 245, 245, 15, 15, 15, 15, 15
DB 15, 15, 24, 245, 245, 245, 245, 245, 245, 245, 245, 245, 245, 245, 245, 245, 245, 245, 30, 15
DB 15, 15, 29, 245, 245, 245, 245, 245, 245, 245, 245, 245, 245, 245, 245, 245, 245, 245, 245, 30
DB 15, 15, 15, 29, 245, 245, 245, 245, 245, 245, 245, 245, 245, 245, 245, 245, 245, 245, 245, 30
DB 15, 15, 15, 29, 245, 245, 245, 245, 245, 245, 245, 245, 245, 245, 245, 245, 245, 245, 245, 30
DB 15, 15, 15, 29, 245, 245, 245, 245, 245, 245, 245, 245, 245, 245, 245, 245, 245, 245, 245, 30
DB 15, 15, 15, 29, 245, 245, 245, 245, 245, 245, 245, 245, 245, 245, 245, 245, 245, 245, 245, 245
DB 30, 15, 15, 15, 29, 245, 245, 245, 245, 245, 245, 245, 245, 245, 245, 245, 245, 245, 245, 245
DB 30, 15, 15, 15, 29, 245, 245, 245, 245, 245, 245, 245, 245, 245, 245, 245, 245, 245, 245, 245
DB 245, 30, 15, 15, 15, 29, 245, 245, 245, 245, 245, 245, 245, 245, 245, 245, 245, 245, 245, 245
DB 245, 245, 30, 15, 15, 15, 29, 245, 245, 245, 245, 245, 245, 245, 245, 245, 245, 245, 245, 245
DB 245, 245, 245, 30, 15, 15, 15, 29, 245, 245, 245, 245, 245, 245, 245, 245, 245, 245, 245, 245
DB 245, 245, 245, 245, 245, 245, 30, 15, 30, 245, 245, 245, 245, 245, 245, 245, 245, 245, 245, 245
DB 245, 245, 245, 245, 245, 245, 245, 30, 15, 30, 245, 245, 245, 245, 245, 245, 245, 245, 245, 245
DB 245, 245, 245, 245, 245, 245, 245, 30, 15, 30, 245, 245, 245, 245, 245, 245, 245, 245, 245, 245
DB 245, 245, 245, 245, 245, 245, 245, 30, 15, 30, 245, 245, 245, 245, 245, 245, 245, 245, 245, 245
DB 245, 245, 245, 245, 245, 245, 245, 30, 15, 30, 245, 245, 245, 245, 245, 245, 245, 245, 245, 245
DB 245, 245, 245, 245, 245, 245, 245, 245, 30, 15, 30, 245, 245, 245, 245, 245, 245, 245, 245, 245
DB 245, 245, 245, 245, 245, 245, 245, 245, 30, 15, 30, 245, 245, 245, 245, 245, 245, 245, 245, 245
DB 245, 245, 245, 245, 245, 245, 245, 245, 245, 30, 15, 30, 245, 245, 245, 245, 245, 245, 245, 245
DB 245, 245, 245, 245, 245, 245, 245, 245, 245, 245, 30, 15, 30, 245, 245, 245, 245, 245, 245, 245
DB 245, 245, 245, 245, 245, 245, 245, 245, 245, 245, 245, 30, 15, 30, 245, 245, 245, 245, 245, 245
DB 245, 245, 245, 245, 245, 245, 245, 245, 245, 245, 245, 245, 245, 245, 27, 245, 245, 245, 245, 245
DB 245, 245, 245, 245, 245, 245, 245, 245, 245, 245, 245, 245, 245, 245, 245, 27, 245, 245, 245, 245
DB 245, 245, 245, 245, 245, 245, 245, 245, 245, 245, 245, 245, 245, 245, 245, 27, 245, 245, 245, 245
DB 245, 245, 245, 245, 245, 245, 245, 245, 245, 245, 245, 245, 245, 245, 245, 27, 245, 245, 245, 245
DB 245, 245, 245, 245, 245, 245, 245, 245, 245, 245, 245, 245, 245, 245, 245, 27, 245, 245, 245, 245
DB 245, 245, 245, 245, 245, 245, 245, 245, 245, 245, 245, 245, 245, 245, 245, 245, 27, 245, 245, 245
DB 245, 245, 245, 245, 245, 245, 245, 245, 245, 245, 245, 245, 245, 245, 245, 245, 27, 245, 245, 245
DB 245, 245, 245, 245, 245, 245, 245, 245, 245, 245, 245, 245, 245, 245, 245, 245, 245, 27, 245, 245
DB 245, 245, 245, 245, 245, 245, 245, 245, 245, 245, 245, 245, 245, 245, 245, 245, 245, 245, 27, 245
DB 245, 245, 245, 245, 245, 245, 245, 245, 245, 245, 245, 245, 245, 245, 245, 245, 245, 245, 245, 27
DB 245, 245, 245, 245, 245, 245, 245, 245, 245, 245, 245, 245, 245, 245, 245, 245, 245, 245, 245, 245
DB 245, 245, 245, 245, 245, 245, 245, 245, 245, 245, 245, 245, 245, 245, 245, 245, 245, 245, 245, 245
DB 245, 245, 245, 245, 245, 245, 245, 245, 245, 245, 245, 245, 245, 245, 245, 245, 245, 245, 245, 245
DB 245, 245, 245, 245, 245, 245, 245, 245, 245, 245, 245, 245, 245, 245, 245, 245, 245, 245, 245, 245
DB 245, 245, 245, 245, 245, 245, 245, 245, 245, 245, 245, 245, 245, 245, 245, 245, 245, 245, 245, 245
DB 245, 245, 245, 245, 245, 245, 245, 245, 245, 245, 245, 245, 245, 245, 245, 245, 245, 245, 245, 245
DB 245, 245, 245, 245, 245, 245, 245, 245, 245, 245, 245, 245, 245, 245, 245, 245, 245, 245, 245, 245
DB 245, 245, 245, 245, 245, 245, 245, 245, 245, 245, 245, 245, 245, 245, 245, 245, 245, 245, 245, 245
DB 245, 245, 245, 245, 245, 245, 245, 245, 245, 245, 245, 245, 245, 245, 245, 245, 245, 245, 245, 245
DB 245, 245, 245, 245, 245, 245, 245, 245, 245, 245, 245, 245, 245, 245, 245, 245, 245, 245, 245, 245
DB 245, 245, 245, 245, 245, 245, 245, 245, 245, 245, 245, 245, 245, 245, 245, 245, 245, 245, 245, 245
DB 245, 245, 245, 245, 245, 245, 245, 245, 245, 245, 245, 245, 245, 245, 245, 245, 245, 245, 245, 245
DB 245, 245, 245, 245, 245, 245, 245, 245, 245, 245, 245, 245, 245, 245, 245, 245, 245, 245, 245, 245
DB 245, 245, 245, 245, 245, 245, 245, 245, 245, 245, 245, 245, 245, 245, 245, 245, 245, 245, 245, 245
DB 245, 245, 245, 245, 245, 245, 245, 245, 245, 245, 245, 245, 245, 245, 245, 245, 245, 245, 245, 245
DB 245, 245, 245, 245, 245, 245, 245, 245, 245, 245, 245, 245, 245, 245, 245, 245, 245, 245, 245, 245
DB 245, 245, 245, 245, 245, 245, 245, 245, 245, 245, 245, 245, 245, 245, 245, 245, 245, 245, 245, 245
DB 245, 245, 245, 245, 245, 245, 245, 245, 245, 245, 245, 245, 245, 245, 245, 245, 245, 245, 245, 245
DB 245, 245, 245, 245, 245, 245, 245, 245, 245, 245, 245, 245, 245, 245, 245, 245, 245, 245, 245, 245
DB 245, 245, 245, 245, 245, 245, 245, 245, 245, 245, 245, 245, 245, 245, 245, 245, 245, 245, 245, 245
DB 245, 245, 245, 245, 245, 245, 245, 245, 245, 245, 245, 245, 245, 245, 245, 245, 245, 245, 245, 245
DB 245, 245, 245, 245, 245, 245, 245, 245, 245, 245, 245, 245, 245, 245, 245, 245, 245, 245, 245, 245
DB 245, 245, 245, 245, 245, 245, 245, 245, 245, 245, 245, 245, 245, 245, 245, 245, 245, 245, 245, 245
DB 245, 245, 245, 245, 245, 245, 245, 245, 245, 245, 245, 245, 245, 245, 245, 245, 245, 245, 245, 245
DB 245, 245, 245, 245, 245, 245, 245, 245, 245, 245, 245, 245, 245, 245, 245, 245, 245, 245, 245, 245
DB 245, 245, 245, 245, 245, 245, 245, 245, 245, 245, 245, 245, 245, 245, 245, 245, 245, 245, 245, 245
DB 245, 245, 245, 245, 245, 245, 245, 245, 245, 245, 245, 245, 245, 245, 245, 245, 245, 245, 245, 245
DB 245, 245, 245, 245, 245, 245, 245, 245, 245, 245, 245, 245, 245, 245, 245, 245, 245, 245, 245, 245
DB 245, 245, 245, 245, 245, 245, 245, 245, 245, 245, 245, 245, 245, 245, 245, 245, 245, 245, 245, 245
DB 245, 245, 245, 245, 245, 245, 245, 245, 245, 245, 245, 245, 245, 245, 245, 245, 245, 245, 245, 245
DB 245, 245, 245, 245, 245, 245, 245, 245, 245, 245, 245, 245, 245, 245, 245, 245, 245, 245, 245, 245
DB 245, 245, 245, 245, 245, 245, 245, 245, 245, 245, 245, 245, 245, 245, 245, 245, 245, 245, 245, 245
DB 245, 245, 245, 245, 245, 245, 245, 245, 245, 245, 245, 245, 245, 245, 245, 245, 245, 245, 245, 245
DB 245, 245, 245, 245, 245, 245, 245, 245, 245, 245, 245, 245, 245, 245, 245, 245, 245, 245, 245, 245
DB 245, 245, 245, 245, 245, 245, 245, 245, 245, 245, 245, 245, 245, 245, 245, 245, 245, 245, 245, 245
DB 245, 245, 245, 245, 245, 245, 245, 245, 245, 245, 245, 245, 245, 245, 245, 245, 245, 245, 245, 245
DB 245, 245, 245, 245, 245, 245, 245, 245, 245, 245, 245, 245, 245, 245, 245, 245, 245, 245, 245, 245
DB 245, 245, 245, 245, 245, 245, 245, 245, 245, 245, 245, 245, 245, 245, 245, 245, 245, 245, 245, 245
DB 245, 245, 245, 245, 245, 245, 245, 245, 245, 245, 245, 245, 245, 245, 245, 245, 245, 245, 245, 245
DB 245, 245, 245, 245, 245, 245, 245, 245, 245, 245, 245, 245, 245, 245, 245, 245, 245, 245, 245, 245
DB 245, 245, 245, 245, 245, 245, 245, 245, 245, 245, 245, 245, 245, 245, 245, 245, 245, 245, 245, 245
DB 245, 245, 245, 245, 245, 245, 245, 245, 245, 245, 245, 245, 245, 245, 245, 245, 245, 245, 245, 245