db 18, 17, 17, 17, 17, 17, 17, 17, 17, 17, 17, 17, 17, 17, 17, 17, 17, 17, 17, 17
db 17, 17, 17, 17, 17, 17, 17, 17, 17, 17, 17, 17, 17, 17, 17, 17, 17, 17, 17, 17
db 17, 17, 17, 17, 17, 17, 17, 17, 17, 17, 17, 17, 17, 17, 17, 17, 17, 17, 17, 17
db 17, 17, 17, 17, 17, 17, 17, 17, 17, 17, 17, 17, 17, 17, 17, 17, 17, 17, 17, 17
db 17, 17, 17, 17, 17, 17, 17, 17, 17, 17, 17, 17, 17, 17, 17, 17, 17, 17, 17, 17
db 17, 17, 17, 17, 17, 17, 17, 17, 17, 17, 17, 17, 17, 17, 17, 17, 17, 17, 17, 17
db 17, 17, 17, 17, 17, 17, 17, 17, 17, 17, 17, 17, 17, 17, 17, 17, 17, 17, 17, 17
db 17, 17, 17, 17, 17, 17, 17, 17, 17, 17, 17, 17, 17, 17, 17, 17, 17, 17, 17, 17
db 17, 17, 17, 17, 17, 17, 17, 17, 17, 17, 17, 17, 17, 17, 17, 17, 17, 17, 17, 17
db 17, 17, 17, 17, 17, 17, 17, 17, 17, 17, 17, 17, 17, 17, 17, 17, 17, 17, 17, 17
db 17, 17, 17, 17, 17, 17, 18, 0, 0, 0, 0, 0, 0, 0, 0, 0, 0, 0, 0, 0
db 0, 0, 0, 0, 0, 0, 0, 0, 0, 0, 0, 0, 0, 0, 0, 0, 0, 0, 0, 0
db 0, 0, 0, 0, 0, 0, 0, 0, 0, 0, 0, 0, 0, 0, 0, 0, 0, 0, 0, 0
db 0, 0, 0, 0, 0, 0, 0, 0, 0, 0, 0, 0, 0, 0, 0, 0, 0, 0, 0, 0
db 0, 0, 0, 0, 0, 0, 0, 0, 0, 0, 0, 0, 0, 0, 0, 0, 0, 0, 0, 0
db 0, 0, 0, 0, 0, 0, 0, 0, 0, 0, 0, 0, 0, 0, 0, 0, 0, 0, 0, 0
db 0, 0, 0, 0, 0, 0, 0, 0, 0, 0, 0, 0, 0, 0, 0, 0, 0, 0, 0, 0
db 0, 0, 0, 0, 0, 0, 0, 0, 0, 0, 0, 0, 0, 0, 0, 0, 0, 0, 0, 0
db 0, 0, 0, 0, 0, 0, 0, 0, 0, 0, 0, 0, 0, 0, 0, 0, 0, 0, 0, 0
db 0, 0, 0, 0, 0, 0, 0, 0, 0, 0, 0, 0, 0, 0, 0, 0, 0, 0, 0, 0
db 0, 0, 0, 0, 0, 0, 0, 0, 0, 0, 0, 0, 0, 0, 17, 0, 0, 0, 0, 0
db 0, 0, 0, 0, 0, 0, 0, 0, 183, 183, 0, 0, 0, 0, 0, 0, 0, 0, 0, 18
db 20, 19, 0, 0, 0, 0, 0, 0, 0, 0, 0, 0, 0, 0, 0, 0, 0, 0, 0, 18
db 20, 19, 0, 0, 0, 0, 0, 0, 0, 0, 0, 0, 0, 0, 0, 0, 0, 0, 0, 18
db 20, 19, 0, 0, 0, 0, 0, 0, 0, 0, 0, 0, 0, 0, 0, 0, 0, 0, 0, 18
db 20, 19, 0, 0, 0, 0, 0, 0, 0, 0, 0, 0, 0, 0, 0, 0, 0, 0, 0, 0
db 18, 20, 19, 0, 0, 0, 0, 0, 0, 0, 0, 0, 0, 0, 0, 0, 0, 0, 0, 0
db 18, 20, 19, 0, 0, 0, 0, 0, 0, 0, 0, 0, 0, 0, 0, 0, 0, 0, 0, 0
db 0, 18, 20, 19, 0, 0, 0, 0, 0, 0, 0, 0, 0, 0, 0, 0, 0, 0, 0, 0
db 0, 0, 18, 20, 19, 0, 0, 0, 0, 0, 0, 0, 0, 0, 0, 0, 0, 0, 0, 0
db 0, 0, 0, 18, 20, 19, 0, 0, 0, 0, 0, 0, 0, 0, 0, 0, 0, 0, 0, 0
db 17, 17, 0, 0, 184, 4, 4, 4, 112, 0, 0, 0, 0, 183, 4, 40, 40, 4, 17, 0
db 0, 0, 0, 0, 0, 23, 30, 15, 15, 28, 0, 0, 0, 19, 24, 27, 28, 25, 17, 0
db 0, 0, 0, 0, 0, 23, 30, 15, 15, 28, 0, 0, 0, 19, 24, 27, 28, 25, 17, 0
db 0, 0, 0, 0, 0, 23, 30, 15, 15, 28, 0, 0, 0, 19, 24, 27, 28, 25, 17, 0
db 0, 0, 0, 0, 0, 23, 30, 15, 15, 28, 0, 0, 0, 19, 24, 27, 28, 25, 17, 0
db 0, 0, 0, 0, 0, 0, 23, 30, 15, 15, 28, 0, 0, 0, 19, 24, 27, 28, 25, 17
db 0, 0, 0, 0, 0, 0, 23, 30, 15, 15, 28, 0, 0, 0, 19, 24, 27, 28, 25, 17
db 0, 0, 0, 0, 0, 0, 0, 23, 30, 15, 15, 28, 0, 0, 0, 19, 24, 27, 28, 25
db 17, 0, 0, 0, 0, 0, 0, 0, 23, 30, 15, 15, 28, 0, 0, 0, 19, 24, 27, 28
db 25, 17, 0, 0, 0, 0, 0, 0, 0, 23, 30, 15, 15, 28, 0, 0, 0, 19, 24, 27
db 28, 25, 17, 0, 0, 0, 0, 17, 17, 0, 0, 4, 40, 39, 12, 39, 4, 184, 0, 4
db 40, 40, 40, 40, 40, 4, 0, 0, 0, 0, 0, 25, 15, 15, 15, 15, 15, 27, 0, 19
db 30, 15, 15, 15, 15, 29, 20, 0, 0, 0, 0, 25, 15, 15, 15, 15, 15, 27, 0, 19
db 30, 15, 15, 15, 15, 29, 20, 0, 0, 0, 0, 25, 15, 15, 15, 15, 15, 27, 0, 19
db 30, 15, 15, 15, 15, 29, 20, 0, 0, 0, 0, 25, 15, 15, 15, 15, 15, 27, 0, 19
db 30, 15, 15, 15, 15, 29, 20, 0, 0, 0, 0, 0, 25, 15, 15, 15, 15, 15, 27, 0
db 19, 30, 15, 15, 15, 15, 29, 20, 0, 0, 0, 0, 25, 15, 15, 15, 15, 15, 27, 0
db 19, 30, 15, 15, 15, 15, 29, 20, 0, 0, 0, 0, 0, 25, 15, 15, 15, 15, 15, 27
db 0, 19, 30, 15, 15, 15, 15, 29, 20, 0, 0, 0, 0, 0, 25, 15, 15, 15, 15, 15
db 27, 0, 19, 30, 15, 15, 15, 15, 29, 20, 0, 0, 0, 0, 0, 25, 15, 15, 15, 15
db 15, 27, 0, 19, 30, 15, 15, 15, 15, 29, 20, 0, 0, 0, 17, 17, 0, 112, 40, 12
db 88, 88, 12, 40, 40, 4, 40, 40, 40, 40, 40, 40, 40, 183, 0, 0, 0, 20, 15, 15
db 15, 15, 15, 15, 15, 27, 29, 15, 15, 15, 15, 15, 15, 30, 17, 0, 0, 20, 15, 15
db 15, 15, 15, 15, 15, 27, 29, 15, 15, 15, 15, 15, 15, 30, 17, 0, 0, 20, 15, 15
db 15, 15, 15, 15, 15, 27, 29, 15, 15, 15, 15, 15, 15, 30, 17, 0, 0, 20, 15, 15
db 15, 15, 15, 15, 15, 27, 29, 15, 15, 15, 15, 15, 15, 30, 17, 0, 0, 0, 20, 15
db 15, 15, 15, 15, 15, 15, 27, 29, 15, 15, 15, 15, 15, 15, 30, 17, 0, 0, 20, 15
db 15, 15, 15, 15, 15, 15, 27, 29, 15, 15, 15, 15, 15, 15, 30, 17, 0, 0, 0, 20
db 15, 15, 15, 15, 15, 15, 15, 27, 29, 15, 15, 15, 15, 15, 15, 30, 17, 0, 0, 0
db 20, 15, 15, 15, 15, 15, 15, 15, 27, 29, 15, 15, 15, 15, 15, 15, 30, 17, 0, 0
db 0, 20, 15, 15, 15, 15, 15, 15, 15, 27, 29, 15, 15, 15, 15, 15, 15, 30, 17, 0
db 0, 17, 17, 0, 112, 39, 30, 63, 40, 40, 40, 40, 40, 40, 40, 40, 40, 40, 40, 40
db 4, 17, 0, 0, 25, 15, 15, 15, 15, 15, 15, 15, 15, 15, 15, 15, 15, 15, 15, 15
db 15, 19, 0, 0, 25, 15, 15, 15, 15, 15, 15, 15, 15, 15, 15, 15, 15, 15, 15, 15
db 15, 19, 0, 0, 25, 15, 15, 15, 15, 15, 15, 15, 15, 15, 15, 15, 15, 15, 15, 15
db 15, 19, 0, 0, 25, 15, 15, 15, 15, 15, 15, 15, 15, 15, 15, 15, 15, 15, 15, 15
db 15, 19, 0, 0, 0, 25, 15, 15, 15, 15, 15, 15, 15, 15, 15, 15, 15, 15, 15, 15
db 15, 15, 19, 0, 0, 25, 15, 15, 15, 15, 15, 15, 15, 15, 15, 15, 15, 15, 15, 15
db 15, 15, 19, 0, 0, 0, 25, 15, 15, 15, 15, 15, 15, 15, 15, 15, 15, 15, 15, 15
db 15, 15, 15, 19, 0, 0, 0, 25, 15, 15, 15, 15, 15, 15, 15, 15, 15, 15, 15, 15
db 15, 15, 15, 15, 19, 0, 0, 0, 25, 15, 15, 15, 15, 15, 15, 15, 15, 15, 15, 15
db 15, 15, 15, 15, 15, 19, 0, 0, 17, 17, 0, 112, 39, 65, 39, 40, 40, 40, 40, 40
db 40, 40, 40, 40, 40, 40, 40, 112, 0, 0, 0, 25, 15, 15, 15, 15, 15, 15, 15, 15
db 15, 15, 15, 15, 15, 15, 15, 29, 17, 0, 0, 25, 15, 15, 15, 15, 15, 15, 15, 15
db 15, 15, 15, 15, 15, 15, 15, 29, 17, 0, 0, 25, 15, 15, 15, 15, 15, 15, 15, 15
db 15, 15, 15, 15, 15, 15, 15, 29, 17, 0, 0, 25, 15, 15, 15, 15, 15, 15, 15, 15
db 15, 15, 15, 15, 15, 15, 15, 29, 17, 0, 0, 0, 25, 15, 15, 15, 15, 15, 15, 15
db 15, 15, 15, 15, 15, 15, 15, 15, 29, 17, 0, 0, 25, 15, 15, 15, 15, 15, 15, 15
db 15, 15, 15, 15, 15, 15, 15, 15, 29, 17, 0, 0, 0, 25, 15, 15, 15, 15, 15, 15
db 15, 15, 15, 15, 15, 15, 15, 15, 15, 29, 17, 0, 0, 0, 25, 15, 15, 15, 15, 15
db 15, 15, 15, 15, 15, 15, 15, 15, 15, 15, 29, 17, 0, 0, 0, 25, 15, 15, 15, 15
db 15, 15, 15, 15, 15, 15, 15, 15, 15, 15, 15, 29, 17, 0, 0, 17, 17, 0, 184, 40
db 40, 40, 40, 40, 40, 40, 40, 40, 40, 40, 40, 40, 40, 4, 17, 0, 0, 0, 232, 15
db 15, 15, 15, 15, 15, 15, 15, 15, 15, 15, 15, 15, 15, 15, 160, 0, 0, 0, 232, 15
db 15, 15, 15, 15, 15, 15, 15, 15, 15, 15, 15, 15, 15, 15, 160, 0, 0, 0, 232, 15
db 15, 15, 15, 15, 15, 15, 15, 15, 15, 15, 15, 15, 15, 15, 160, 0, 0, 0, 232, 15
db 15, 15, 15, 15, 15, 15, 15, 15, 15, 15, 15, 15, 15, 15, 160, 0, 0, 0, 0, 232
db 15, 15, 15, 15, 15, 15, 15, 15, 15, 15, 15, 15, 15, 15, 15, 160, 0, 0, 0, 232
db 15, 15, 15, 15, 15, 15, 15, 15, 15, 15, 15, 15, 15, 15, 15, 160, 0, 0, 0, 0
db 232, 15, 15, 15, 15, 15, 15, 15, 15, 15, 15, 15, 15, 15, 15, 15, 160, 0, 0, 0
db 0, 232, 15, 15, 15, 15, 15, 15, 15, 15, 15, 15, 15, 15, 15, 15, 15, 160, 0, 0
db 0, 0, 232, 15, 15, 15, 15, 15, 15, 15, 15, 15, 15, 15, 15, 15, 15, 15, 160, 0
db 0, 0, 17, 17, 0, 0, 184, 40, 40, 40, 40, 40, 40, 40, 40, 40, 40, 40, 40, 4
db 17, 0, 0, 0, 0, 0, 8, 15, 15, 15, 15, 15, 15, 15, 15, 15, 15, 15, 15, 15
db 158, 0, 0, 0, 0, 0, 8, 15, 15, 15, 15, 15, 15, 15, 15, 15, 15, 15, 15, 15
db 158, 0, 0, 0, 0, 0, 8, 15, 15, 15, 15, 15, 15, 15, 15, 15, 15, 15, 15, 15
db 158, 0, 0, 0, 0, 0, 8, 15, 15, 15, 15, 15, 15, 15, 15, 15, 15, 15, 15, 15
db 158, 0, 0, 0, 0, 0, 0, 8, 15, 15, 15, 15, 15, 15, 15, 15, 15, 15, 15, 15
db 15, 158, 0, 0, 0, 0, 0, 8, 15, 15, 15, 15, 15, 15, 15, 15, 15, 15, 15, 15
db 15, 158, 0, 0, 0, 0, 0, 0, 8, 15, 15, 15, 15, 15, 15, 15, 15, 15, 15, 15
db 15, 15, 158, 0, 0, 0, 0, 0, 0, 8, 15, 15, 15, 15, 15, 15, 15, 15, 15, 15
db 15, 15, 15, 158, 0, 0, 0, 0, 0, 0, 8, 15, 15, 15, 15, 15, 15, 15, 15, 15
db 15, 15, 15, 15, 158, 0, 0, 0, 0, 17, 17, 0, 0, 0, 17, 4, 40, 40, 40, 40
db 40, 40, 40, 40, 40, 40, 184, 0, 0, 0, 0, 0, 0, 0, 23, 15, 15, 15, 15, 15
db 15, 15, 15, 15, 15, 15, 23, 0, 0, 0, 0, 0, 0, 0, 23, 15, 15, 15, 15, 15
db 15, 15, 15, 15, 15, 15, 23, 0, 0, 0, 0, 0, 0, 0, 23, 15, 15, 15, 15, 15
db 15, 15, 15, 15, 15, 15, 23, 0, 0, 0, 0, 0, 0, 0, 23, 15, 15, 15, 15, 15
db 15, 15, 15, 15, 15, 15, 23, 0, 0, 0, 0, 0, 0, 0, 0, 23, 15, 15, 15, 15
db 15, 15, 15, 15, 15, 15, 15, 23, 0, 0, 0, 0, 0, 0, 0, 23, 15, 15, 15, 15
db 15, 15, 15, 15, 15, 15, 15, 23, 0, 0, 0, 0, 0, 0, 0, 0, 23, 15, 15, 15
db 15, 15, 15, 15, 15, 15, 15, 15, 23, 0, 0, 0, 0, 0, 0, 0, 0, 23, 15, 15
db 15, 15, 15, 15, 15, 15, 15, 15, 15, 23, 0, 0, 0, 0, 0, 0, 0, 0, 23, 15
db 15, 15, 15, 15, 15, 15, 15, 15, 15, 15, 23, 0, 0, 0, 0, 0, 17, 17, 0, 0
db 0, 0, 184, 40, 40, 40, 40, 40, 40, 40, 40, 40, 183, 0, 0, 0, 0, 0, 0, 0
db 0, 0, 8, 30, 15, 15, 15, 15, 15, 15, 15, 15, 7, 0, 0, 0, 0, 0, 0, 0
db 0, 0, 8, 30, 15, 15, 15, 15, 15, 15, 15, 15, 7, 0, 0, 0, 0, 0, 0, 0
db 0, 0, 8, 30, 15, 15, 15, 15, 15, 15, 15, 15, 7, 0, 0, 0, 0, 0, 0, 0
db 0, 0, 8, 30, 15, 15, 15, 15, 15, 15, 15, 15, 7, 0, 0, 0, 0, 0, 0, 0
db 0, 0, 0, 8, 30, 15, 15, 15, 15, 15, 15, 15, 15, 7, 0, 0, 0, 0, 0, 0
db 0, 0, 0, 8, 30, 15, 15, 15, 15, 15, 15, 15, 15, 7, 0, 0, 0, 0, 0, 0
db 0, 0, 0, 0, 8, 30, 15, 15, 15, 15, 15, 15, 15, 15, 7, 0, 0, 0, 0, 0
db 0, 0, 0, 0, 0, 8, 30, 15, 15, 15, 15, 15, 15, 15, 15, 7, 0, 0, 0, 0
db 0, 0, 0, 0, 0, 0, 8, 30, 15, 15, 15, 15, 15, 15, 15, 15, 7, 0, 0, 0
db 0, 0, 0, 17, 17, 0, 0, 0, 0, 0, 183, 40, 40, 40, 40, 40, 40, 40, 183, 0
db 0, 0, 0, 0, 0, 0, 0, 0, 0, 0, 8, 15, 15, 15, 15, 15, 15, 15, 24, 0
db 0, 0, 0, 0, 0, 0, 0, 0, 0, 0, 8, 15, 15, 15, 15, 15, 15, 15, 24, 0
db 0, 0, 0, 0, 0, 0, 0, 0, 0, 0, 8, 15, 15, 15, 15, 15, 15, 15, 24, 0
db 0, 0, 0, 0, 0, 0, 0, 0, 0, 0, 8, 15, 15, 15, 15, 15, 15, 15, 24, 0
db 0, 0, 0, 0, 0, 0, 0, 0, 0, 0, 0, 8, 15, 15, 15, 15, 15, 15, 15, 24
db 0, 0, 0, 0, 0, 0, 0, 0, 0, 0, 0, 8, 15, 15, 15, 15, 15, 15, 15, 24
db 0, 0, 0, 0, 0, 0, 0, 0, 0, 0, 0, 0, 8, 15, 15, 15, 15, 15, 15, 15
db 24, 0, 0, 0, 0, 0, 0, 0, 0, 0, 0, 0, 0, 8, 15, 15, 15, 15, 15, 15
db 15, 24, 0, 0, 0, 0, 0, 0, 0, 0, 0, 0, 0, 0, 8, 15, 15, 15, 15, 15
db 15, 15, 24, 0, 0, 0, 0, 0, 0, 0, 17, 17, 0, 0, 0, 0, 0, 0, 183, 40
db 40, 40, 40, 40, 112, 0, 0, 0, 0, 0, 0, 0, 0, 0, 0, 0, 0, 0, 8, 30
db 15, 15, 15, 29, 230, 0, 0, 0, 0, 0, 0, 0, 0, 0, 0, 0, 0, 0, 8, 30
db 15, 15, 15, 29, 230, 0, 0, 0, 0, 0, 0, 0, 0, 0, 0, 0, 0, 0, 8, 30
db 15, 15, 15, 29, 230, 0, 0, 0, 0, 0, 0, 0, 0, 0, 0, 0, 0, 0, 8, 30
db 15, 15, 15, 29, 230, 0, 0, 0, 0, 0, 0, 0, 0, 0, 0, 0, 0, 0, 0, 8
db 30, 15, 15, 15, 29, 230, 0, 0, 0, 0, 0, 0, 0, 0, 0, 0, 0, 0, 0, 8
db 30, 15, 15, 15, 29, 230, 0, 0, 0, 0, 0, 0, 0, 0, 0, 0, 0, 0, 0, 0
db 8, 30, 15, 15, 15, 29, 230, 0, 0, 0, 0, 0, 0, 0, 0, 0, 0, 0, 0, 0
db 0, 8, 30, 15, 15, 15, 29, 230, 0, 0, 0, 0, 0, 0, 0, 0, 0, 0, 0, 0
db 0, 0, 8, 30, 15, 15, 15, 29, 230, 0, 0, 0, 0, 0, 0, 0, 0, 17, 17, 0
db 0, 0, 0, 0, 0, 0, 184, 4, 40, 40, 4, 0, 0, 0, 0, 0, 0, 0, 0, 0
db 0, 0, 0, 0, 0, 0, 232, 30, 15, 30, 18, 0, 0, 0, 0, 0, 0, 0, 0, 0
db 0, 0, 0, 0, 0, 0, 232, 30, 15, 30, 18, 0, 0, 0, 0, 0, 0, 0, 0, 0
db 0, 0, 0, 0, 0, 0, 232, 30, 15, 30, 18, 0, 0, 0, 0, 0, 0, 0, 0, 0
db 0, 0, 0, 0, 0, 0, 232, 30, 15, 30, 18, 0, 0, 0, 0, 0, 0, 0, 0, 0
db 0, 0, 0, 0, 0, 0, 0, 232, 30, 15, 30, 18, 0, 0, 0, 0, 0, 0, 0, 0
db 0, 0, 0, 0, 0, 0, 0, 232, 30, 15, 30, 18, 0, 0, 0, 0, 0, 0, 0, 0
db 0, 0, 0, 0, 0, 0, 0, 0, 232, 30, 15, 30, 18, 0, 0, 0, 0, 0, 0, 0
db 0, 0, 0, 0, 0, 0, 0, 0, 0, 232, 30, 15, 30, 18, 0, 0, 0, 0, 0, 0
db 0, 0, 0, 0, 0, 0, 0, 0, 0, 0, 232, 30, 15, 30, 18, 0, 0, 0, 0, 0
db 0, 0, 0, 0, 17, 17, 0, 0, 0, 0, 0, 0, 0, 0, 0, 4, 4, 17, 0, 0
db 0, 0, 0, 0, 0, 0, 0, 0, 0, 0, 0, 0, 0, 0, 231, 27, 20, 0, 0, 0
db 0, 0, 0, 0, 0, 0, 0, 0, 0, 0, 0, 0, 0, 0, 231, 27, 20, 0, 0, 0
db 0, 0, 0, 0, 0, 0, 0, 0, 0, 0, 0, 0, 0, 0, 231, 27, 20, 0, 0, 0
db 0, 0, 0, 0, 0, 0, 0, 0, 0, 0, 0, 0, 0, 0, 231, 27, 20, 0, 0, 0
db 0, 0, 0, 0, 0, 0, 0, 0, 0, 0, 0, 0, 0, 0, 0, 231, 27, 20, 0, 0
db 0, 0, 0, 0, 0, 0, 0, 0, 0, 0, 0, 0, 0, 0, 0, 231, 27, 20, 0, 0
db 0, 0, 0, 0, 0, 0, 0, 0, 0, 0, 0, 0, 0, 0, 0, 0, 231, 27, 20, 0
db 0, 0, 0, 0, 0, 0, 0, 0, 0, 0, 0, 0, 0, 0, 0, 0, 0, 231, 27, 20
db 0, 0, 0, 0, 0, 0, 0, 0, 0, 0, 0, 0, 0, 0, 0, 0, 0, 0, 231, 27
db 20, 0, 0, 0, 0, 0, 0, 0, 0, 0, 0, 17, 17, 0, 0, 0, 0, 0, 0, 0
db 0, 0, 0, 0, 0, 0, 0, 0, 0, 0, 0, 0, 0, 0, 0, 0, 0, 0, 0, 0
db 0, 0, 0, 0, 0, 0, 0, 0, 0, 0, 0, 0, 0, 0, 0, 0, 0, 0, 0, 0
db 0, 0, 0, 0, 0, 0, 0, 0, 0, 0, 0, 0, 0, 0, 0, 0, 0, 0, 0, 0
db 0, 0, 0, 0, 0, 0, 0, 0, 0, 0, 0, 0, 0, 0, 0, 0, 0, 0, 0, 0
db 0, 0, 0, 0, 0, 0, 0, 0, 0, 0, 0, 0, 0, 0, 0, 0, 0, 0, 0, 0
db 0, 0, 0, 0, 0, 0, 0, 0, 0, 0, 0, 0, 0, 0, 0, 0, 0, 0, 0, 0
db 0, 0, 0, 0, 0, 0, 0, 0, 0, 0, 0, 0, 0, 0, 0, 0, 0, 0, 0, 0
db 0, 0, 0, 0, 0, 0, 0, 0, 0, 0, 0, 0, 0, 0, 0, 0, 0, 0, 0, 0
db 0, 0, 0, 0, 0, 0, 0, 0, 0, 0, 0, 0, 0, 0, 0, 0, 0, 0, 0, 0
db 0, 0, 0, 0, 0, 0, 0, 0, 0, 0, 0, 0, 0, 0, 0, 0, 0, 0, 17, 17
db 0, 0, 0, 0, 0, 0, 0, 0, 0, 0, 0, 0, 0, 0, 0, 0, 0, 0, 0, 0
db 0, 0, 0, 0, 0, 0, 0, 0, 0, 0, 0, 0, 0, 0, 0, 0, 0, 0, 0, 0
db 0, 0, 0, 0, 0, 0, 0, 0, 0, 0, 0, 0, 0, 0, 0, 0, 0, 0, 0, 0
db 0, 0, 0, 0, 0, 0, 0, 0, 0, 0, 0, 0, 0, 0, 0, 0, 0, 0, 0, 0
db 0, 0, 0, 0, 0, 0, 0, 0, 0, 0, 0, 0, 0, 0, 0, 0, 0, 0, 0, 0
db 0, 0, 0, 0, 0, 0, 0, 0, 0, 0, 0, 0, 0, 0, 0, 0, 0, 0, 0, 0
db 0, 0, 0, 0, 0, 0, 0, 0, 0, 0, 0, 0, 0, 0, 0, 0, 0, 0, 0, 0
db 0, 0, 0, 0, 0, 0, 0, 0, 0, 0, 0, 0, 0, 0, 0, 0, 0, 0, 0, 0
db 0, 0, 0, 0, 0, 0, 0, 0, 0, 0, 0, 0, 0, 0, 0, 0, 0, 0, 0, 0
db 0, 0, 0, 0, 0, 0, 0, 0, 0, 0, 0, 0, 0, 0, 0, 0, 0, 0, 0, 0
db 0, 0, 0, 0, 0, 17, 0, 0, 0, 0, 0, 0, 0, 0, 0, 0, 0, 0, 0, 0
db 0, 0, 0, 0, 0, 0, 0, 0, 0, 0, 0, 0, 0, 0, 0, 0, 0, 0, 0, 0
db 0, 0, 0, 0, 0, 0, 0, 0, 0, 0, 0, 0, 0, 0, 0, 0, 0, 0, 0, 0
db 0, 0, 0, 0, 0, 0, 0, 0, 0, 0, 0, 0, 0, 0, 0, 0, 0, 0, 0, 0
db 0, 0, 0, 0, 0, 0, 0, 0, 0, 0, 0, 0, 0, 0, 0, 0, 0, 0, 0, 0
db 0, 0, 0, 0, 0, 0, 0, 0, 0, 0, 0, 0, 0, 0, 0, 0, 0, 0, 0, 0
db 0, 0, 0, 0, 0, 0, 0, 0, 0, 0, 0, 0, 0, 0, 0, 0, 0, 0, 0, 0
db 0, 0, 0, 0, 0, 0, 0, 0, 0, 0, 0, 0, 0, 0, 0, 0, 0, 0, 0, 0
db 0, 0, 0, 0, 0, 0, 0, 0, 0, 0, 0, 0, 0, 0, 0, 0, 0, 0, 0, 0
db 0, 0, 0, 0, 0, 0, 0, 0, 0, 0, 0, 0, 0, 0, 0, 0, 0, 0, 0, 0
db 0, 0, 0, 0, 0, 0, 0, 0, 0, 0, 0, 0, 0, 18, 17, 17, 17, 17, 17, 17
db 17, 17, 17, 17, 17, 17, 17, 17, 17, 17, 17, 17, 17, 17, 17, 17, 17, 17, 17, 17
db 17, 17, 17, 17, 17, 17, 17, 17, 17, 17, 17, 17, 17, 17, 17, 17, 17, 17, 17, 17
db 17, 17, 17, 17, 17, 17, 17, 17, 17, 17, 17, 17, 17, 17, 17, 17, 17, 17, 17, 17
db 17, 17, 17, 17, 17, 17, 17, 17, 17, 17, 17, 17, 17, 17, 17, 17, 17, 17, 17, 17
db 17, 17, 17, 17, 17, 17, 17, 17, 17, 17, 17, 17, 17, 17, 17, 17, 17, 17, 17, 17
db 17, 17, 17, 17, 17, 17, 17, 17, 17, 17, 17, 17, 17, 17, 17, 17, 17, 17, 17, 17
db 17, 17, 17, 17, 17, 17, 17, 17, 17, 17, 17, 17, 17, 17, 17, 17, 17, 17, 17, 17
db 17, 17, 17, 17, 17, 17, 17, 17, 17, 17, 17, 17, 17, 17, 17, 17, 17, 17, 17, 17
db 17, 17, 17, 17, 17, 17, 17, 17, 17, 17, 17, 17, 17, 17, 17, 17, 17, 17, 17, 17
db 17, 17, 17, 17, 17, 17, 17, 17, 17, 17, 17, 17, 17, 17, 17, 17, 17, 17, 17, 18