DB 245, 245, 245, 245, 245, 245, 245, 245, 245, 245, 245, 245, 245, 245, 245, 245, 245, 245, 245, 245
DB 245, 245, 245, 245, 245, 245, 245, 245, 245, 245, 245, 245, 245, 245, 245, 245, 245, 245, 245, 245
DB 245, 245, 245, 245, 245, 245, 245, 245, 245, 245, 245, 245, 245, 245, 245, 245, 245, 245, 245, 245
DB 245, 245, 245, 245, 245, 245, 245, 245, 245, 245, 245, 245, 245, 245, 245, 245, 245, 245, 245, 245
DB 245, 245, 245, 245, 245, 245, 245, 245, 245, 245, 245, 245, 245, 245, 245, 245, 245, 245, 245, 245
DB 245, 245, 245, 245, 245, 245, 245, 245, 245, 245, 245, 245, 245, 245, 245, 245, 245, 245, 245, 245
DB 245, 245, 245, 245, 245, 245, 245, 245, 245, 245, 245, 245, 245, 245, 245, 245, 245, 245, 245, 245
DB 245, 245, 245, 245, 245, 245, 245, 245, 245, 245, 245, 245, 245, 245, 245, 245, 245, 245, 245, 245
DB 245, 245, 245, 245, 245, 245, 245, 245, 245, 245, 245, 245, 245, 245, 245, 245, 245, 245, 245, 245
DB 245, 245, 245, 245, 245, 245, 245, 245, 245, 245, 245, 245, 245, 245, 245, 245, 245, 245, 245, 245
DB 245, 245, 245, 245, 245, 245, 245, 245, 245, 245, 245, 245, 245, 245, 245, 245, 245, 245, 245, 245
DB 245, 245, 245, 245, 245, 245, 245, 245, 245, 245, 245, 245, 245, 245, 245, 245, 245, 245, 245, 245
DB 245, 245, 245, 245, 245, 245, 245, 245, 245, 245, 245, 245, 245, 245, 245, 245, 245, 245, 245, 245
DB 245, 245, 245, 245, 245, 245, 245, 245, 245, 245, 245, 245, 245, 245, 245, 245, 245, 245, 245, 245
DB 245, 245, 245, 245, 245, 245, 245, 245, 245, 245, 245, 245, 245, 245, 245, 245, 245, 245, 245, 245
DB 245, 245, 245, 245, 245, 245, 245, 245, 245, 245, 245, 245, 245, 245, 245, 245, 245, 245, 245, 245
DB 245, 245, 245, 245, 245, 245, 245, 245, 245, 245, 245, 245, 245, 245, 245, 245, 245, 245, 245, 245
DB 245, 245, 245, 245, 245, 245, 245, 245, 245, 245, 245, 245, 245, 245, 245, 245, 245, 245, 245, 245
DB 245, 245, 245, 245, 245, 245, 245, 245, 245, 245, 245, 245, 245, 245, 245, 245, 245, 245, 245, 245
DB 245, 245, 245, 245, 245, 245, 245, 245, 245, 245, 245, 245, 245, 245, 245, 245, 245, 245, 245, 245
DB 245, 245, 245, 245, 245, 245, 245, 245, 245, 245, 245, 245, 245, 245, 245, 245, 245, 245, 245, 245
DB 245, 245, 245, 245, 245, 245, 245, 245, 245, 245, 245, 245, 245, 245, 245, 245, 245, 245, 245, 245
DB 245, 245, 245, 245, 245, 245, 245, 245, 245, 245, 245, 245, 245, 245, 245, 245, 245, 245, 245, 245
DB 245, 245, 245, 245, 245, 245, 245, 245, 245, 245, 245, 245, 245, 245, 245, 245, 245, 245, 245, 245
DB 245, 245, 245, 245, 245, 245, 245, 245, 245, 245, 245, 245, 245, 245, 245, 245, 245, 245, 245, 245
DB 245, 245, 245, 245, 245, 245, 245, 245, 245, 245, 245, 245, 245, 245, 245, 245, 245, 245, 245, 245
DB 245, 245, 245, 245, 245, 245, 245, 245, 245, 245, 245, 245, 245, 245, 245, 245, 245, 245, 245, 245
DB 245, 245, 245, 245, 245, 245, 245, 245, 245, 245, 245, 245, 245, 245, 245, 245, 245, 245, 245, 245
DB 245, 245, 245, 245, 245, 245, 245, 245, 245, 245, 245, 245, 245, 245, 245, 245, 245, 245, 245, 245
DB 245, 245, 245, 245, 245, 245, 245, 245, 245, 245, 245, 245, 245, 245, 245, 245, 245, 245, 245, 245
DB 245, 245, 245, 245, 245, 245, 245, 245, 245, 245, 245, 245, 245, 245, 245, 245, 245, 245, 245, 245
DB 245, 245, 245, 245, 245, 4, 4, 4, 112, 245, 245, 245, 245, 245, 4, 40, 40, 4, 245, 245
DB 245, 245, 245, 245, 245, 4, 4, 4, 112, 245, 245, 245, 245, 112, 4, 40, 40, 4, 245, 245
DB 245, 245, 245, 245, 245, 4, 4, 4, 112, 245, 245, 245, 245, 112, 4, 40, 40, 4, 245, 245
DB 245, 245, 245, 245, 245, 4, 4, 4, 112, 245, 245, 245, 245, 112, 4, 40, 40, 4, 245, 245
DB 245, 245, 245, 245, 245, 245, 112, 4, 4, 4, 245, 245, 245, 245, 245, 112, 112, 112, 245, 245
DB 245, 245, 245, 245, 245, 245, 112, 4, 4, 112, 245, 245, 245, 245, 245, 112, 40, 40, 4, 245
DB 245, 245, 245, 245, 245, 245, 245, 111, 40, 40, 112, 245, 245, 245, 245, 245, 112, 4, 4, 4
DB 245, 245, 245, 245, 245, 245, 245, 245, 4, 4, 112, 245, 245, 245, 245, 245, 245, 112, 245, 112
DB 245, 245, 245, 245, 245, 245, 245, 245, 23, 30, 15, 15, 28, 245, 245, 245, 245, 24, 27, 28
DB 25, 245, 245, 245, 245, 245, 245, 245, 245, 23, 30, 15, 15, 28, 245, 245, 245, 245, 24, 27
DB 28, 25, 245, 245, 245, 245, 245, 245, 245, 245, 245, 4, 40, 39, 12, 39, 4, 245, 245, 4
DB 40, 40, 40, 40, 40, 4, 245, 245, 245, 245, 245, 4, 40, 39, 12, 39, 4, 245, 245, 4
DB 40, 40, 40, 40, 40, 4, 245, 245, 245, 245, 245, 4, 40, 39, 12, 39, 4, 245, 245, 4
DB 40, 40, 40, 40, 40, 4, 245, 245, 245, 245, 245, 4, 40, 39, 12, 39, 4, 245, 245, 4
DB 40, 40, 40, 40, 40, 4, 245, 245, 245, 245, 245, 245, 4, 40, 12, 64, 39, 40, 245, 245
DB 112, 40, 40, 40, 40, 40, 245, 245, 245, 245, 245, 245, 4, 40, 40, 64, 12, 4, 245, 245
DB 245, 4, 40, 40, 40, 40, 40, 245, 245, 245, 245, 245, 245, 111, 40, 40, 64, 12, 4, 245
DB 245, 245, 4, 40, 40, 40, 40, 40, 245, 245, 245, 245, 245, 245, 4, 40, 12, 12, 40, 112
DB 245, 245, 112, 40, 40, 40, 40, 40, 112, 245, 245, 245, 245, 245, 25, 15, 15, 15, 15, 15
DB 27, 245, 245, 30, 15, 15, 15, 15, 29, 245, 245, 245, 245, 245, 245, 25, 15, 15, 15, 15
DB 15, 27, 245, 245, 30, 15, 15, 15, 15, 29, 245, 245, 245, 245, 245, 245, 245, 112, 40, 12
DB 88, 88, 12, 40, 40, 4, 40, 40, 40, 40, 40, 40, 40, 245, 245, 245, 245, 112, 40, 12
DB 88, 88, 12, 40, 40, 4, 40, 40, 40, 40, 40, 40, 40, 245, 245, 245, 245, 112, 40, 12
DB 88, 88, 12, 40, 40, 4, 40, 40, 40, 40, 40, 40, 40, 245, 245, 245, 245, 112, 40, 12
DB 88, 88, 12, 40, 40, 4, 40, 40, 40, 40, 40, 40, 40, 245, 245, 245, 245, 245, 4, 40
DB 12, 87, 88, 39, 40, 4, 112, 40, 40, 40, 40, 40, 40, 40, 245, 245, 245, 245, 245, 40
DB 39, 63, 29, 12, 40, 112, 245, 4, 40, 40, 40, 40, 40, 40, 4, 245, 245, 245, 245, 245
DB 40, 39, 88, 29, 12, 40, 4, 112, 4, 40, 40, 40, 40, 40, 40, 4, 245, 245, 245, 245
DB 112, 40, 12, 30, 88, 40, 40, 112, 112, 40, 40, 40, 40, 40, 40, 40, 245, 245, 245, 245
DB 245, 15, 15, 15, 15, 15, 15, 15, 27, 29, 15, 15, 15, 15, 15, 15, 30, 245, 245, 245
DB 245, 245, 15, 15, 15, 15, 15, 15, 15, 27, 29, 15, 15, 15, 15, 15, 15, 30, 245, 245
DB 245, 245, 245, 245, 112, 39, 30, 63, 40, 40, 40, 40, 40, 40, 40, 40, 40, 40, 40, 40
DB 4, 245, 245, 245, 112, 39, 30, 63, 40, 40, 40, 40, 40, 40, 40, 40, 40, 40, 40, 40
DB 4, 245, 245, 245, 112, 39, 30, 63, 40, 40, 40, 40, 40, 40, 40, 40, 40, 40, 40, 40
DB 4, 245, 245, 245, 112, 39, 30, 63, 40, 40, 40, 40, 40, 40, 40, 40, 40, 40, 40, 40
DB 4, 245, 245, 245, 245, 4, 12, 30, 64, 40, 40, 40, 40, 40, 40, 40, 40, 40, 40, 40
DB 40, 112, 245, 245, 245, 245, 40, 88, 29, 39, 40, 40, 40, 40, 40, 40, 40, 40, 40, 40
DB 40, 40, 245, 245, 245, 245, 112, 40, 88, 87, 40, 40, 40, 40, 40, 40, 40, 40, 40, 40
DB 40, 40, 4, 245, 245, 245, 245, 4, 12, 15, 64, 40, 40, 40, 40, 40, 40, 40, 40, 40
DB 40, 40, 40, 245, 245, 245, 245, 25, 15, 15, 15, 15, 15, 15, 15, 15, 15, 15, 15, 15
DB 15, 15, 15, 15, 245, 245, 245, 245, 25, 15, 15, 15, 15, 15, 15, 15, 15, 15, 15, 15
DB 15, 15, 15, 15, 15, 245, 245, 245, 245, 245, 245, 112, 39, 65, 39, 40, 40, 40, 40, 40
DB 40, 40, 40, 40, 40, 40, 40, 112, 245, 245, 245, 112, 39, 65, 39, 40, 40, 40, 40, 40
DB 40, 40, 40, 40, 40, 40, 40, 112, 245, 245, 245, 112, 39, 65, 39, 40, 40, 40, 40, 40
DB 40, 40, 40, 40, 40, 40, 40, 112, 245, 245, 245, 112, 39, 65, 39, 40, 40, 40, 40, 40
DB 40, 40, 40, 40, 40, 40, 40, 112, 245, 245, 245, 245, 4, 12, 63, 40, 40, 40, 40, 40
DB 40, 40, 40, 40, 40, 40, 40, 40, 245, 245, 245, 245, 245, 40, 64, 12, 40, 40, 40, 40
DB 40, 40, 40, 40, 40, 40, 40, 40, 4, 245, 245, 245, 245, 112, 40, 63, 12, 40, 40, 40
DB 40, 40, 40, 40, 40, 40, 40, 40, 40, 4, 245, 245, 245, 245, 4, 12, 65, 40, 40, 40
DB 40, 40, 40, 40, 40, 40, 40, 40, 40, 40, 245, 245, 245, 245, 25, 15, 15, 15, 15, 15
DB 15, 15, 15, 15, 15, 15, 15, 15, 15, 15, 29, 245, 245, 245, 245, 25, 15, 15, 15, 15
DB 15, 15, 15, 15, 15, 15, 15, 15, 15, 15, 15, 29, 245, 245, 245, 245, 245, 245, 245, 40
DB 40, 40, 40, 40, 40, 40, 40, 40, 40, 40, 40, 40, 40, 4, 245, 245, 245, 245, 245, 40
DB 40, 40, 40, 40, 40, 40, 40, 40, 40, 40, 40, 40, 40, 4, 245, 245, 245, 245, 245, 40
DB 40, 40, 40, 40, 40, 40, 40, 40, 40, 40, 40, 40, 40, 4, 245, 245, 245, 245, 245, 40
DB 40, 40, 40, 40, 40, 40, 40, 40, 40, 40, 40, 40, 40, 4, 245, 245, 245, 245, 245, 112
DB 40, 40, 40, 40, 40, 40, 40, 40, 40, 40, 40, 40, 40, 40, 112, 245, 245, 245, 245, 245
DB 4, 40, 40, 40, 40, 40, 40, 40, 40, 40, 40, 40, 40, 40, 40, 4, 245, 245, 245, 245
DB 245, 40, 40, 40, 40, 40, 40, 40, 40, 40, 40, 40, 40, 40, 40, 40, 4, 245, 245, 245
DB 245, 111, 40, 40, 40, 40, 40, 40, 40, 40, 40, 40, 40, 40, 40, 40, 40, 245, 245, 245
DB 245, 245, 15, 15, 15, 15, 15, 15, 15, 15, 15, 15, 15, 15, 15, 15, 15, 160, 245, 245
DB 245, 245, 245, 15, 15, 15, 15, 15, 15, 15, 15, 15, 15, 15, 15, 15, 15, 15, 160, 245
DB 245, 245, 245, 245, 245, 245, 245, 40, 40, 40, 40, 40, 40, 40, 40, 40, 40, 40, 40, 4
DB 245, 245, 245, 245, 245, 245, 245, 40, 40, 40, 40, 40, 40, 40, 40, 40, 40, 40, 40, 4
DB 245, 245, 245, 245, 245, 245, 245, 40, 40, 40, 40, 40, 40, 40, 40, 40, 40, 40, 40, 4
DB 245, 245, 245, 245, 245, 245, 245, 40, 40, 40, 40, 40, 40, 40, 40, 40, 40, 40, 40, 4
DB 245, 245, 245, 245, 245, 245, 245, 112, 40, 40, 40, 40, 40, 40, 40, 40, 40, 40, 40, 40
DB 4, 245, 245, 245, 245, 245, 245, 245, 4, 40, 40, 40, 40, 40, 40, 40, 40, 40, 40, 40
DB 40, 4, 245, 245, 245, 245, 245, 245, 245, 40, 40, 40, 40, 40, 40, 40, 40, 40, 40, 40
DB 40, 40, 40, 245, 245, 245, 245, 245, 245, 112, 40, 40, 40, 40, 40, 40, 40, 40, 40, 40
DB 40, 40, 40, 112, 245, 245, 245, 245, 245, 245, 15, 15, 15, 15, 15, 15, 15, 15, 15, 15
DB 15, 15, 15, 158, 245, 245, 245, 245, 245, 245, 245, 15, 15, 15, 15, 15, 15, 15, 15, 15
DB 15, 15, 15, 15, 158, 245, 245, 245, 245, 245, 245, 245, 245, 245, 245, 4, 40, 40, 40, 40
DB 40, 40, 40, 40, 40, 40, 245, 245, 245, 245, 245, 245, 245, 245, 245, 4, 40, 40, 40, 40
DB 40, 40, 40, 40, 40, 40, 245, 245, 245, 245, 245, 245, 245, 245, 245, 4, 40, 40, 40, 40
DB 40, 40, 40, 40, 40, 40, 245, 245, 245, 245, 245, 245, 245, 245, 245, 4, 40, 40, 40, 40
DB 40, 40, 40, 40, 40, 40, 245, 245, 245, 245, 245, 245, 245, 245, 245, 112, 40, 40, 40, 40
DB 40, 40, 40, 40, 40, 40, 40, 245, 245, 245, 245, 245, 245, 245, 245, 245, 4, 40, 40, 40
DB 40, 40, 40, 40, 40, 40, 40, 40, 245, 245, 245, 245, 245, 245, 245, 245, 245, 4, 40, 40
DB 40, 40, 40, 40, 40, 40, 40, 40, 40, 245, 245, 245, 245, 245, 245, 245, 245, 245, 40, 40
DB 40, 40, 40, 40, 40, 40, 40, 40, 40, 112, 245, 245, 245, 245, 245, 245, 245, 23, 15, 15
DB 15, 15, 15, 15, 15, 15, 15, 15, 15, 23, 245, 245, 245, 245, 245, 245, 245, 245, 23, 15
DB 15, 15, 15, 15, 15, 15, 15, 15, 15, 15, 23, 245, 245, 245, 245, 245, 245, 245, 245, 245
DB 245, 245, 245, 40, 40, 40, 40, 40, 40, 40, 40, 40, 245, 245, 245, 245, 245, 245, 245, 245
DB 245, 245, 245, 40, 40, 40, 40, 40, 40, 40, 40, 40, 245, 245, 245, 245, 245, 245, 245, 245
DB 245, 245, 245, 40, 40, 40, 40, 40, 40, 40, 40, 40, 245, 245, 245, 245, 245, 245, 245, 245
DB 245, 245, 245, 40, 40, 40, 40, 40, 40, 40, 40, 40, 245, 245, 245, 245, 245, 245, 245, 245
DB 245, 245, 245, 4, 40, 40, 40, 40, 40, 40, 40, 40, 40, 112, 245, 245, 245, 245, 245, 245
DB 245, 245, 245, 245, 4, 40, 40, 40, 40, 40, 40, 40, 40, 4, 245, 245, 245, 245, 245, 245
DB 245, 245, 245, 245, 245, 40, 40, 40, 40, 40, 40, 40, 40, 40, 4, 245, 245, 245, 245, 245
DB 245, 245, 245, 245, 245, 112, 40, 40, 40, 40, 40, 40, 40, 40, 40, 112, 245, 245, 245, 245
DB 245, 245, 245, 245, 245, 245, 30, 15, 15, 15, 15, 15, 15, 15, 15, 7, 245, 245, 245, 245
DB 245, 245, 245, 245, 245, 245, 245, 30, 15, 15, 15, 15, 15, 15, 15, 15, 7, 245, 245, 245
DB 245, 245, 245, 245, 245, 245, 245, 245, 245, 245, 245, 40, 40, 40, 40, 40, 40, 40, 245, 245
DB 245, 245, 245, 245, 245, 245, 245, 245, 245, 245, 245, 40, 40, 40, 40, 40, 40, 40, 245, 245
DB 245, 245, 245, 245, 245, 245, 245, 245, 245, 245, 245, 40, 40, 40, 40, 40, 40, 40, 245, 245
DB 245, 245, 245, 245, 245, 245, 245, 245, 245, 245, 245, 40, 40, 40, 40, 40, 40, 40, 245, 245
DB 245, 245, 245, 245, 245, 245, 245, 245, 245, 245, 245, 4, 40, 40, 40, 40, 40, 40, 40, 112
DB 245, 245, 245, 245, 245, 245, 245, 245, 245, 245, 245, 245, 4, 40, 40, 40, 40, 40, 40, 4
DB 245, 245, 245, 245, 245, 245, 245, 245, 245, 245, 245, 245, 245, 40, 40, 40, 40, 40, 40, 40
DB 40, 245, 245, 245, 245, 245, 245, 245, 245, 245, 245, 245, 245, 112, 40, 40, 40, 40, 40, 40
DB 40, 112, 245, 245, 245, 245, 245, 245, 245, 245, 245, 245, 245, 245, 15, 15, 15, 15, 15, 15
DB 15, 24, 245, 245, 245, 245, 245, 245, 245, 245, 245, 245, 245, 245, 245, 15, 15, 15, 15, 15
DB 15, 15, 24, 245, 245, 245, 245, 245, 245, 245, 245, 245, 245, 245, 245, 245, 245, 245, 245, 40
DB 40, 40, 40, 40, 112, 245, 245, 245, 245, 245, 245, 245, 245, 245, 245, 245, 245, 245, 245, 40
DB 40, 40, 40, 40, 112, 245, 245, 245, 245, 245, 245, 245, 245, 245, 245, 245, 245, 245, 245, 40
DB 40, 40, 40, 40, 112, 245, 245, 245, 245, 245, 245, 245, 245, 245, 245, 245, 245, 245, 245, 40
DB 40, 40, 40, 40, 112, 245, 245, 245, 245, 245, 245, 245, 245, 245, 245, 245, 245, 245, 245, 4
DB 40, 40, 40, 40, 40, 112, 245, 245, 245, 245, 245, 245, 245, 245, 245, 245, 245, 245, 245, 245
DB 4, 40, 40, 40, 40, 4, 245, 245, 245, 245, 245, 245, 245, 245, 245, 245, 245, 245, 245, 245
DB 245, 40, 40, 40, 40, 40, 4, 245, 245, 245, 245, 245, 245, 245, 245, 245, 245, 245, 245, 245
DB 245, 112, 40, 40, 40, 40, 40, 112, 245, 245, 245, 245, 245, 245, 245, 245, 245, 245, 245, 245
DB 245, 245, 30, 15, 15, 15, 29, 245, 245, 245, 245, 245, 245, 245, 245, 245, 245, 245, 245, 245
DB 245, 245, 245, 30, 15, 15, 15, 29, 245, 245, 245, 245, 245, 245, 245, 245, 245, 245, 245, 245
DB 245, 245, 245, 245, 245, 245, 245, 4, 40, 40, 4, 245, 245, 245, 245, 245, 245, 245, 245, 245
DB 245, 245, 245, 245, 245, 245, 245, 4, 40, 40, 4, 245, 245, 245, 245, 245, 245, 245, 245, 245
DB 245, 245, 245, 245, 245, 245, 245, 4, 40, 40, 4, 245, 245, 245, 245, 245, 245, 245, 245, 245
DB 245, 245, 245, 245, 245, 245, 245, 4, 40, 40, 4, 245, 245, 245, 245, 245, 245, 245, 245, 245
DB 245, 245, 245, 245, 245, 245, 245, 4, 40, 40, 40, 4, 245, 245, 245, 245, 245, 245, 245, 245
DB 245, 245, 245, 245, 245, 245, 245, 245, 4, 40, 40, 4, 245, 245, 245, 245, 245, 245, 245, 245
DB 245, 245, 245, 245, 245, 245, 245, 245, 245, 4, 40, 40, 112, 245, 245, 245, 245, 245, 245, 245
DB 245, 245, 245, 245, 245, 245, 245, 245, 245, 112, 40, 40, 4, 112, 245, 245, 245, 245, 245, 245
DB 245, 245, 245, 245, 245, 245, 245, 245, 245, 245, 30, 15, 30, 245, 245, 245, 245, 245, 245, 245
DB 245, 245, 245, 245, 245, 245, 245, 245, 245, 245, 245, 30, 15, 30, 245, 245, 245, 245, 245, 245
DB 245, 245, 245, 245, 245, 245, 245, 245, 245, 245, 245, 245, 245, 245, 245, 4, 4, 245, 245, 245
DB 245, 245, 245, 245, 245, 245, 245, 245, 245, 245, 245, 245, 245, 245, 245, 4, 4, 245, 245, 245
DB 245, 245, 245, 245, 245, 245, 245, 245, 245, 245, 245, 245, 245, 245, 245, 4, 4, 245, 245, 245
DB 245, 245, 245, 245, 245, 245, 245, 245, 245, 245, 245, 245, 245, 245, 245, 4, 4, 245, 245, 245
DB 245, 245, 245, 245, 245, 245, 245, 245, 245, 245, 245, 245, 245, 245, 245, 4, 40, 4, 245, 245
DB 245, 245, 245, 245, 245, 245, 245, 245, 245, 245, 245, 245, 245, 245, 245, 245, 4, 112, 245, 245
DB 245, 245, 245, 245, 245, 245, 245, 245, 245, 245, 245, 245, 245, 245, 245, 245, 245, 4, 112, 245
DB 245, 245, 245, 245, 245, 245, 245, 245, 245, 245, 245, 245, 245, 245, 245, 245, 245, 112, 112, 245
DB 245, 245, 245, 245, 245, 245, 245, 245, 245, 245, 245, 245, 245, 245, 245, 245, 245, 245, 27, 245
DB 245, 245, 245, 245, 245, 245, 245, 245, 245, 245, 245, 245, 245, 245, 245, 245, 245, 245, 245, 27
DB 245, 245, 245, 245, 245, 245, 245, 245, 245, 245, 245, 245, 245, 245, 245, 245, 245, 245, 245, 245
DB 245, 245, 245, 245, 245, 245, 245, 245, 245, 245, 245, 245, 245, 245, 245, 245, 245, 245, 245, 245
DB 245, 245, 245, 245, 245, 245, 245, 245, 245, 245, 245, 245, 245, 245, 245, 245, 245, 245, 245, 245
DB 245, 245, 245, 245, 245, 245, 245, 245, 245, 245, 245, 245, 245, 245, 245, 245, 245, 245, 245, 245
DB 245, 245, 245, 245, 245, 245, 245, 245, 245, 245, 245, 245, 245, 245, 245, 245, 245, 245, 245, 245
DB 245, 245, 245, 245, 245, 245, 245, 245, 245, 245, 245, 245, 245, 245, 245, 245, 245, 245, 245, 245
DB 245, 245, 245, 245, 245, 245, 245, 245, 245, 245, 245, 245, 245, 245, 245, 245, 245, 245, 245, 245
DB 245, 245, 245, 245, 245, 245, 245, 245, 245, 245, 245, 245, 245, 245, 245, 245, 245, 245, 245, 245
DB 245, 245, 245, 245, 245, 245, 245, 245, 245, 245, 245, 245, 245, 245, 245, 245, 245, 245, 245, 245
DB 245, 245, 245, 245, 245, 245, 245, 245, 245, 245, 245, 245, 245, 245, 245, 245, 245, 245, 245, 245
DB 245, 245, 245, 245, 245, 245, 245, 245, 245, 245, 245, 245, 245, 245, 245, 245, 245, 245, 245, 245
DB 245, 245, 245, 245, 245, 245, 245, 245, 245, 245, 245, 245, 245, 245, 245, 245, 245, 245, 245, 245
DB 245, 245, 245, 245, 245, 245, 245, 245, 245, 245, 245, 245, 245, 245, 245, 245, 245, 245, 245, 245
DB 245, 245, 245, 245, 245, 245, 245, 245, 245, 245, 245, 245, 245, 245, 245, 245, 245, 245, 245, 245
DB 245, 245, 245, 245, 245, 245, 245, 245, 245, 245, 245, 245, 245, 245, 245, 245, 245, 245, 245, 245
DB 245, 245, 245, 245, 245, 245, 245, 245, 245, 245, 245, 245, 245, 245, 245, 245, 245, 245, 245, 245
DB 245, 245, 245, 245, 245, 245, 245, 245, 245, 245, 245, 245, 245, 245, 245, 245, 245, 245, 245, 245
DB 245, 245, 245, 245, 245, 245, 245, 245, 245, 245, 245, 245, 245, 245, 245, 245, 245, 245, 245, 245
DB 245, 245, 245, 245, 245, 245, 245, 245, 245, 245, 245, 245, 245, 245, 245, 245, 245, 245, 245, 245
DB 245, 245, 245, 245, 245, 245, 245, 245, 245, 245, 245, 245, 245, 245, 245, 245, 245, 245, 245, 245
DB 245, 245, 245, 245, 245, 245, 245, 245, 245, 245, 245, 245, 245, 245, 245, 245, 245, 245, 245, 245
DB 245, 245, 245, 245, 245, 245, 245, 245, 245, 245, 245, 245, 245, 245, 245, 245, 245, 245, 245, 245
DB 245, 245, 245, 245, 245, 245, 245, 245, 245, 245, 245, 245, 245, 245, 245, 245, 245, 245, 245, 245
DB 245, 245, 245, 245, 245, 245, 245, 245, 245, 245, 245, 245, 245, 245, 245, 245, 245, 245, 245, 245
DB 245, 245, 245, 245, 245, 245, 245, 245, 245, 245, 245, 245, 245, 245, 245, 245, 245, 245, 245, 245
DB 245, 245, 245, 245, 245, 245, 245, 245, 245, 245, 245, 245, 245, 245, 245, 245, 245, 245, 245, 245
DB 245, 245, 245, 245, 245, 245, 245, 245, 245, 245, 245, 245, 245, 245, 245, 245, 245, 245, 245, 245
DB 245, 245, 245, 245, 245, 245, 245, 245, 245, 245, 245, 245, 245, 245, 245, 245, 245, 245, 245, 245
DB 245, 245, 245, 245, 245, 245, 245, 245, 245, 245, 245, 245, 245, 245, 245, 245, 245, 245, 245, 245
DB 245, 245, 245, 245, 245, 245, 245, 245, 245, 245, 245, 245, 245, 245, 245, 245, 245, 245, 245, 245
DB 245, 245, 245, 245, 245, 245, 245, 245, 245, 245, 245, 245, 245, 245, 245, 245, 245, 245, 245, 245
DB 245, 245, 245, 245, 245, 245, 245, 245, 245, 245, 245, 245, 245, 245, 245, 245, 245, 245, 245, 245
DB 245, 245, 245, 245, 245, 245, 245, 245, 245, 245, 245, 245, 245, 245, 245, 245, 245, 245, 245, 245
DB 245, 245, 245, 245, 245, 245, 245, 245, 245, 245, 245, 245, 245, 245, 245, 245, 245, 245, 245, 245
DB 245, 245, 245, 245, 245, 245, 245, 245, 245, 245, 245, 245, 245, 245, 245, 245, 245, 245, 245, 245
DB 245, 245, 245, 245, 245, 245, 245, 245, 245, 245, 245, 245, 245, 245, 245, 245, 245, 245, 245, 245
DB 245, 245, 245, 245, 245, 245, 245, 245, 245, 245, 245, 245, 245, 245, 245, 245, 245, 245, 245, 245
DB 245, 245, 245, 245, 245, 245, 245, 245, 245, 245, 245, 245, 245, 245, 245, 245, 245, 245, 245, 245
DB 245, 245, 245, 245, 245, 245, 245, 245, 245, 245, 245, 245, 245, 245, 245, 245, 245, 245, 245, 245
DB 245, 245, 245, 245, 245, 245, 245, 245, 245, 245, 245, 245, 245, 245, 245, 245, 245, 245, 245, 245
DB 245, 245, 245, 245, 245, 245, 245, 245, 245, 245, 245, 245, 245, 245, 245, 245, 245, 245, 245, 245
DB 245, 245, 245, 245, 245, 245, 245, 245, 245, 245, 245, 245, 245, 245, 245, 245, 245, 245, 245, 245