DB 245, 245, 245, 245, 245, 245, 245, 245, 245, 245, 245, 245, 245, 245, 245, 245, 245, 245, 245, 245
DB 245, 246, 18, 0, 0, 0, 0, 0, 0, 0, 17, 18, 245, 245, 245, 245, 245, 245, 245, 245
DB 245, 245, 245, 245, 245, 245, 245, 245, 245, 245, 245, 245, 245, 245, 245, 245, 245, 245, 245, 245
DB 245, 245, 245, 245, 245, 245, 245, 245, 245, 245, 245, 222, 18, 126, 198, 17, 199, 198, 198, 17
DB 0, 18, 222, 245, 245, 245, 245, 245, 245, 245, 245, 245, 245, 245, 245, 245, 245, 245, 245, 245
DB 245, 245, 245, 245, 245, 245, 245, 245, 245, 245, 245, 245, 245, 245, 245, 245, 245, 245, 245, 245
DB 222, 17, 126, 54, 54, 3, 54, 54, 54, 198, 0, 17, 18, 246, 245, 245, 245, 245, 245, 245
DB 245, 245, 245, 245, 245, 245, 245, 245, 245, 245, 245, 245, 245, 245, 245, 245, 245, 245, 245, 245
DB 245, 245, 245, 245, 245, 245, 245, 245, 245, 222, 18, 198, 125, 55, 54, 53, 53, 53, 54, 198
DB 0, 0, 17, 245, 245, 245, 245, 245, 245, 245, 245, 245, 245, 245, 245, 245, 245, 245, 245, 245
DB 245, 245, 245, 245, 245, 245, 245, 245, 245, 245, 245, 245, 245, 245, 245, 245, 245, 245, 222, 17
DB 197, 55, 198, 199, 3, 53, 53, 54, 198, 0, 0, 0, 17, 246, 245, 245, 245, 245, 245, 245
DB 245, 245, 245, 245, 245, 245, 245, 245, 245, 245, 245, 245, 245, 245, 245, 245, 245, 245, 245, 245
DB 245, 245, 245, 245, 245, 245, 245, 222, 18, 198, 54, 54, 199, 0, 199, 125, 125, 198, 0, 0
DB 0, 198, 198, 18, 246, 245, 245, 245, 245, 245, 245, 245, 245, 245, 245, 245, 245, 245, 245, 245
DB 245, 245, 245, 245, 245, 245, 245, 245, 245, 245, 245, 245, 245, 245, 245, 245, 245, 18, 198, 54
DB 53, 54, 198, 0, 0, 17, 17, 0, 0, 0, 17, 126, 125, 198, 18, 245, 245, 245, 245, 245
DB 245, 245, 245, 245, 245, 245, 245, 245, 245, 245, 245, 245, 245, 245, 245, 245, 245, 245, 245, 245
DB 245, 245, 245, 245, 245, 246, 18, 198, 125, 125, 125, 125, 125, 126, 198, 17, 199, 198, 198, 127
DB 126, 126, 125, 125, 18, 222, 245, 245, 245, 245, 245, 245, 245, 245, 245, 245, 245, 245, 245, 245
DB 245, 245, 245, 245, 245, 245, 245, 245, 245, 245, 245, 245, 245, 245, 245, 18, 17, 55, 125, 17
DB 0, 199, 54, 54, 54, 54, 55, 54, 54, 54, 54, 198, 198, 54, 125, 17, 222, 245, 245, 245
DB 245, 245, 245, 245, 245, 245, 245, 245, 245, 245, 245, 245, 245, 245, 245, 245, 245, 245, 245, 245
DB 245, 245, 245, 245, 222, 18, 126, 55, 125, 198, 0, 0, 197, 54, 54, 54, 54, 54, 54, 54
DB 54, 126, 199, 125, 54, 126, 18, 222, 245, 245, 245, 245, 245, 245, 245, 245, 245, 245, 245, 245
DB 245, 245, 245, 245, 245, 245, 245, 245, 245, 245, 245, 245, 245, 222, 18, 125, 54, 126, 126, 125
DB 198, 0, 0, 198, 54, 54, 54, 54, 54, 54, 54, 54, 126, 17, 126, 55, 126, 18, 246, 245
DB 245, 245, 245, 245, 245, 245, 245, 245, 245, 245, 245, 245, 245, 245, 245, 245, 245, 245, 245, 245
DB 245, 245, 222, 18, 126, 55, 126, 197, 126, 126, 126, 199, 199, 199, 126, 55, 54, 54, 54, 54
DB 54, 54, 55, 198, 199, 126, 54, 126, 223, 222, 222, 222, 222, 245, 245, 245, 245, 245, 245, 245
DB 245, 245, 245, 245, 245, 245, 245, 245, 245, 245, 245, 246, 18, 198, 54, 126, 17, 125, 126, 17
DB 198, 54, 54, 125, 17, 199, 54, 54, 54, 54, 54, 54, 54, 54, 126, 199, 55, 54, 126, 17
DB 17, 17, 17, 222, 245, 245, 245, 245, 245, 245, 245, 245, 245, 245, 245, 245, 245, 245, 245, 245
DB 246, 18, 198, 54, 54, 17, 0, 125, 126, 0, 20, 77, 52, 54, 0, 0, 125, 54, 54, 54
DB 54, 54, 53, 53, 126, 0, 197, 54, 126, 0, 17, 126, 198, 18, 222, 245, 245, 245, 245, 245
DB 245, 245, 245, 245, 245, 245, 245, 245, 245, 245, 18, 198, 54, 53, 3, 0, 0, 55, 126, 0
DB 140, 30, 11, 55, 0, 0, 125, 54, 54, 54, 54, 54, 54, 54, 125, 0, 0, 199, 0, 0
DB 126, 54, 54, 197, 18, 245, 245, 245, 245, 245, 245, 245, 245, 245, 245, 245, 245, 245, 246, 18
DB 198, 55, 54, 54, 126, 198, 126, 54, 55, 126, 139, 24, 174, 199, 199, 126, 54, 54, 54, 54
DB 54, 125, 125, 54, 54, 126, 0, 0, 0, 126, 54, 54, 54, 54, 197, 18, 246, 245, 245, 245
DB 245, 245, 245, 245, 245, 245, 245, 245, 18, 17, 125, 53, 54, 126, 17, 125, 54, 54, 54, 54
DB 151, 184, 17, 0, 126, 54, 54, 54, 54, 54, 54, 198, 17, 125, 53, 54, 199, 0, 198, 54
DB 54, 54, 54, 54, 54, 197, 18, 245, 245, 245, 245, 245, 245, 245, 245, 245, 245, 222, 17, 199
DB 54, 53, 54, 17, 17, 54, 53, 54, 54, 54, 55, 199, 0, 199, 55, 54, 54, 54, 54, 54
DB 54, 199, 0, 125, 53, 53, 126, 0, 126, 53, 53, 54, 54, 53, 53, 125, 17, 18, 18, 245
DB 245, 245, 245, 245, 245, 245, 222, 17, 0, 199, 54, 53, 54, 198, 0, 125, 54, 54, 54, 54
DB 54, 55, 125, 54, 54, 54, 54, 54, 54, 54, 55, 17, 0, 125, 53, 54, 126, 0, 126, 54
DB 54, 54, 54, 54, 54, 125, 0, 17, 17, 245, 245, 245, 245, 245, 245, 222, 18, 246, 23, 163
DB 151, 54, 54, 126, 0, 198, 54, 54, 54, 126, 198, 125, 54, 53, 54, 54, 54, 54, 54, 125
DB 199, 17, 126, 54, 54, 125, 17, 0, 199, 126, 126, 126, 54, 54, 125, 199, 0, 0, 0, 0
DB 245, 245, 245, 245, 245, 18, 127, 78, 15, 67, 209, 126, 54, 125, 0, 0, 198, 54, 125, 0
DB 0, 17, 54, 53, 54, 54, 54, 54, 54, 199, 0, 198, 54, 54, 54, 198, 0, 0, 0, 0
DB 0, 198, 54, 54, 17, 0, 0, 0, 0, 0, 245, 245, 245, 246, 223, 126, 55, 78, 15, 29
DB 244, 199, 126, 198, 0, 0, 0, 127, 126, 198, 17, 17, 126, 125, 54, 54, 126, 126, 126, 0
DB 17, 125, 53, 53, 55, 0, 0, 0, 0, 17, 17, 198, 125, 126, 0, 0, 0, 0, 0, 0
DB 245, 245, 245, 18, 197, 54, 54, 53, 78, 78, 55, 127, 199, 0, 0, 0, 0, 0, 127, 126
DB 54, 125, 17, 17, 125, 55, 199, 0, 0, 126, 55, 54, 53, 54, 125, 0, 0, 0, 197, 54
DB 54, 125, 198, 0, 0, 0, 0, 0, 0, 0, 245, 245, 245, 18, 199, 125, 54, 53, 54, 54
DB 125, 126, 126, 17, 0, 0, 0, 137, 236, 127, 54, 54, 17, 0, 126, 54, 126, 17, 198, 54
DB 53, 53, 54, 125, 198, 0, 0, 0, 126, 53, 53, 54, 198, 0, 0, 18, 23, 235, 0, 0
DB 245, 245, 245, 18, 0, 199, 55, 53, 53, 55, 198, 125, 54, 126, 0, 0, 210, 89, 24, 17
DB 1, 55, 199, 0, 126, 54, 54, 125, 54, 54, 53, 53, 54, 199, 0, 0, 0, 0, 126, 53
DB 53, 54, 199, 0, 0, 23, 30, 23, 17, 0, 245, 18, 222, 223, 0, 0, 198, 54, 54, 197
DB 0, 125, 54, 125, 0, 0, 172, 15, 29, 128, 104, 126, 126, 126, 54, 54, 53, 53, 54, 54
DB 125, 125, 127, 0, 0, 17, 198, 198, 126, 3, 54, 126, 0, 185, 164, 29, 100, 172, 0, 0
DB 0, 17, 126, 54, 126, 0, 0, 17, 199, 0, 0, 126, 54, 126, 0, 104, 79, 15, 30, 54
DB 176, 199, 125, 54, 54, 54, 54, 53, 54, 126, 17, 17, 0, 0, 17, 125, 54, 54, 126, 17
DB 17, 0, 0, 164, 15, 15, 79, 127, 0, 0, 0, 0, 198, 54, 54, 125, 17, 0, 0, 0
DB 0, 17, 199, 222, 150, 55, 54, 77, 77, 149, 17, 0, 126, 54, 55, 125, 125, 125, 125, 17
DB 0, 0, 0, 199, 125, 54, 53, 53, 126, 0, 0, 0, 0, 24, 100, 77, 126, 17, 17, 245
DB 0, 0, 0, 198, 54, 54, 126, 0, 0, 0, 0, 0, 0, 164, 29, 79, 54, 54, 149, 17
DB 0, 0, 0, 199, 17, 0, 0, 0, 0, 0, 0, 0, 0, 125, 54, 54, 53, 54, 126, 0
DB 0, 0, 0, 125, 53, 54, 198, 18, 245, 245, 245, 17, 17, 0, 126, 55, 126, 17, 0, 0
DB 0, 0, 210, 90, 15, 77, 54, 55, 199, 0, 0, 0, 0, 0, 0, 0, 0, 0, 0, 17
DB 198, 198, 126, 54, 53, 54, 54, 125, 199, 0, 0, 0, 0, 127, 55, 198, 18, 245, 245, 245
DB 245, 18, 18, 17, 0, 198, 17, 0, 0, 0, 0, 210, 28, 15, 15, 78, 55, 199, 0, 17
DB 17, 0, 0, 0, 0, 0, 0, 0, 0, 126, 54, 54, 54, 54, 53, 54, 126, 0, 0, 17
DB 0, 0, 0, 17, 199, 18, 246, 245, 245, 245, 245, 245, 245, 18, 17, 0, 0, 0, 0, 0
DB 18, 28, 15, 15, 77, 3, 199, 0, 199, 125, 3, 126, 0, 0, 17, 126, 126, 198, 198, 55
DB 54, 54, 54, 53, 54, 126, 0, 0, 209, 23, 233, 0, 0, 17, 18, 245, 245, 245, 245, 245
DB 245, 245, 245, 246, 18, 17, 0, 0, 0, 0, 25, 15, 15, 101, 54, 199, 0, 0, 126, 54
DB 53, 54, 17, 0, 126, 54, 54, 54, 54, 54, 54, 54, 54, 54, 54, 199, 0, 0, 24, 30
DB 22, 0, 0, 18, 222, 245, 245, 245, 245, 245, 245, 245, 245, 245, 245, 18, 17, 0, 0, 23
DB 15, 15, 101, 54, 127, 0, 0, 0, 198, 3, 54, 55, 126, 126, 54, 53, 54, 54, 54, 54
DB 54, 54, 54, 54, 198, 0, 186, 24, 30, 101, 150, 0, 17, 222, 245, 245, 245, 245, 245, 245
DB 245, 245, 245, 245, 245, 246, 18, 18, 7, 15, 15, 101, 54, 127, 0, 0, 0, 0, 0, 17
DB 199, 198, 125, 54, 54, 54, 54, 54, 54, 54, 54, 54, 54, 198, 0, 0, 24, 15, 100, 54
DB 199, 17, 222, 245, 245, 245, 245, 245, 245, 245, 245, 245, 245, 245, 245, 222, 19, 7, 15, 15
DB 101, 54, 127, 0, 0, 0, 17, 126, 197, 0, 0, 0, 198, 126, 127, 1, 54, 54, 54, 54
DB 54, 54, 126, 0, 0, 0, 79, 100, 78, 126, 17, 18, 245, 245, 245, 245, 245, 245, 245, 245
DB 245, 245, 245, 245, 246, 18, 24, 30, 15, 15, 78, 126, 0, 0, 0, 0, 198, 54, 55, 17
DB 0, 0, 0, 0, 0, 198, 54, 54, 54, 54, 54, 126, 0, 0, 0, 0, 54, 53, 3, 17
DB 18, 246, 245, 245, 245, 245, 245, 245, 245, 245, 245, 245, 245, 245, 246, 18, 24, 30, 30, 77
DB 55, 17, 0, 17, 199, 0, 0, 125, 126, 17, 0, 199, 199, 17, 114, 138, 126, 54, 54, 54
DB 126, 17, 0, 0, 0, 0, 126, 55, 198, 18, 245, 245, 245, 245, 245, 245, 245, 245, 245, 245
DB 245, 245, 245, 245, 245, 222, 18, 173, 78, 54, 198, 0, 0, 126, 55, 126, 17, 17, 17, 0
DB 198, 55, 55, 148, 28, 65, 208, 127, 55, 126, 17, 0, 17, 0, 0, 0, 17, 199, 18, 246
DB 245, 245, 245, 245, 245, 245, 245, 245, 245, 245, 245, 245, 245, 245, 245, 245, 222, 18, 126, 127
DB 17, 17, 17, 197, 54, 54, 125, 0, 0, 0, 126, 54, 54, 53, 102, 25, 185, 17, 199, 0
DB 0, 210, 164, 18, 0, 0, 17, 18, 246, 245, 245, 245, 245, 245, 245, 245, 245, 245, 245, 245
DB 245, 245, 245, 245, 245, 245, 245, 222, 17, 17, 17, 222, 222, 18, 126, 54, 54, 199, 0, 0
DB 126, 54, 54, 53, 53, 148, 17, 0, 0, 0, 17, 7, 30, 20, 0, 0, 18, 222, 245, 245
DB 245, 245, 245, 245, 245, 245, 245, 245, 245, 245, 245, 245, 245, 245, 245, 245, 245, 245, 18, 17
DB 18, 245, 245, 222, 17, 126, 54, 125, 126, 198, 198, 126, 54, 54, 54, 55, 17, 0, 0, 211
DB 7, 15, 102, 245, 0, 17, 222, 245, 245, 245, 245, 245, 245, 245, 245, 245, 245, 245, 245, 245
DB 245, 245, 245, 245, 245, 245, 245, 245, 246, 222, 246, 245, 245, 245, 222, 17, 198, 54, 54, 54
DB 126, 17, 125, 54, 54, 55, 17, 0, 17, 7, 15, 101, 54, 199, 17, 222, 245, 245, 245, 245
DB 245, 245, 245, 245, 245, 245, 245, 245, 245, 245, 245, 245, 245, 245, 245, 245, 245, 245, 245, 245
DB 245, 245, 245, 245, 245, 18, 0, 126, 54, 53, 54, 198, 198, 126, 125, 126, 17, 0, 17, 78
DB 100, 78, 127, 17, 18, 245, 245, 245, 245, 245, 245, 245, 245, 245, 245, 245, 245, 245, 245, 245
DB 245, 245, 245, 245, 245, 245, 245, 245, 245, 245, 245, 245, 245, 245, 245, 18, 0, 0, 126, 54
DB 53, 54, 199, 0, 17, 17, 0, 0, 17, 54, 53, 125, 17, 18, 246, 245, 245, 245, 245, 245
DB 245, 245, 245, 245, 245, 245, 245, 245, 245, 245, 245, 245, 245, 245, 245, 245, 245, 245, 245, 245
DB 245, 245, 245, 245, 245, 18, 17, 0, 0, 125, 53, 54, 198, 0, 0, 0, 0, 0, 0, 126
DB 126, 199, 18, 245, 245, 245, 245, 245, 245, 245, 245, 245, 245, 245, 245, 245, 245, 245, 245, 245
DB 245, 245, 245, 245, 245, 245, 245, 245, 245, 245, 245, 245, 245, 245, 245, 246, 18, 17, 0, 17
DB 55, 54, 126, 0, 0, 0, 0, 0, 0, 17, 17, 18, 246, 245, 245, 245, 245, 245, 245, 245
DB 245, 245, 245, 245, 245, 245, 245, 245, 245, 245, 245, 245, 245, 245, 245, 245, 245, 245, 245, 245
DB 245, 245, 245, 245, 245, 245, 245, 18, 17, 0, 198, 126, 198, 0, 0, 0, 0, 0, 0, 0
DB 17, 222, 245, 245, 245, 245, 245, 245, 245, 245, 245, 245, 245, 245, 245, 245, 245, 245, 245, 245
DB 245, 245, 245, 245, 245, 245, 245, 245, 245, 245, 245, 245, 245, 245, 245, 245, 245, 222, 18, 0
DB 0, 17, 17, 0, 0, 0, 0, 0, 0, 18, 222, 245, 245, 245, 245, 245, 245, 245, 245, 245
DB 245, 245, 245, 245, 245, 245, 245, 245, 245, 245, 245, 245, 245, 245, 245, 245, 245, 245, 245, 245
DB 245, 245, 245, 245, 245, 245, 245, 245, 18, 17, 0, 0, 0, 0, 0, 0, 0, 0, 0, 18
DB 245, 245, 245, 245, 245, 245, 245, 245, 245, 245, 245, 245, 245, 245, 245, 245, 245, 245, 245, 245