DB 245, 245, 245, 245, 245, 245, 245, 245, 245, 245, 245, 245, 245, 245, 245, 245, 222, 17, 0, 0
DB 0, 0, 0, 0, 0, 17, 222, 245, 245, 245, 245, 245, 245, 245, 245, 245, 245, 245, 245, 245
DB 245, 245, 245, 245, 245, 245, 245, 245, 245, 245, 245, 245, 245, 245, 245, 245, 245, 245, 245, 245
DB 245, 245, 245, 245, 245, 246, 18, 17, 0, 185, 185, 17, 17, 185, 186, 18, 18, 246, 245, 245
DB 245, 245, 245, 245, 245, 245, 245, 245, 245, 245, 245, 245, 245, 245, 245, 245, 245, 245, 245, 245
DB 245, 245, 245, 245, 245, 245, 245, 245, 245, 245, 245, 245, 245, 245, 245, 18, 17, 0, 17, 114
DB 6, 6, 6, 6, 6, 114, 17, 18, 245, 245, 245, 245, 245, 245, 245, 245, 245, 245, 245, 245
DB 245, 245, 245, 245, 245, 245, 245, 245, 245, 245, 245, 245, 245, 245, 245, 245, 245, 245, 245, 245
DB 245, 245, 245, 245, 245, 18, 0, 0, 0, 114, 41, 42, 42, 41, 6, 6, 186, 17, 222, 245
DB 245, 245, 245, 245, 245, 245, 245, 245, 245, 245, 245, 245, 245, 245, 245, 245, 245, 245, 245, 245
DB 245, 245, 245, 245, 245, 245, 245, 245, 245, 245, 245, 245, 245, 245, 245, 18, 0, 0, 0, 185
DB 114, 42, 42, 6, 185, 186, 114, 186, 17, 222, 245, 245, 245, 245, 245, 245, 245, 245, 245, 245
DB 245, 245, 245, 245, 245, 245, 245, 245, 245, 245, 245, 245, 245, 245, 245, 245, 245, 245, 245, 245
DB 245, 245, 245, 245, 222, 18, 186, 17, 0, 0, 17, 114, 6, 186, 0, 17, 6, 41, 113, 18
DB 222, 245, 245, 245, 245, 245, 245, 245, 245, 245, 245, 245, 245, 245, 245, 245, 245, 245, 245, 245
DB 245, 245, 245, 245, 245, 245, 245, 245, 245, 245, 245, 245, 245, 222, 17, 113, 6, 185, 0, 0
DB 0, 0, 17, 0, 0, 17, 6, 42, 6, 186, 18, 222, 245, 245, 245, 245, 245, 245, 245, 245
DB 245, 245, 245, 245, 245, 245, 245, 245, 245, 245, 245, 245, 245, 245, 245, 245, 245, 245, 245, 245
DB 245, 245, 222, 18, 113, 114, 114, 113, 186, 185, 185, 17, 185, 185, 113, 113, 114, 114, 114, 114
DB 186, 18, 222, 245, 245, 245, 245, 245, 245, 245, 245, 245, 245, 245, 245, 245, 245, 245, 245, 245
DB 245, 245, 245, 245, 245, 245, 245, 245, 245, 245, 245, 246, 18, 186, 41, 113, 185, 114, 6, 6
DB 6, 6, 6, 6, 41, 6, 185, 0, 0, 6, 6, 17, 18, 245, 245, 245, 245, 245, 245, 245
DB 245, 245, 245, 245, 245, 245, 245, 245, 245, 245, 245, 245, 245, 245, 245, 245, 245, 245, 245, 245
DB 246, 18, 18, 114, 6, 186, 185, 6, 41, 41, 41, 41, 42, 42, 6, 186, 0, 0, 185, 114
DB 6, 114, 18, 18, 246, 245, 245, 245, 245, 245, 245, 245, 245, 245, 245, 245, 245, 245, 245, 245
DB 245, 245, 245, 245, 245, 245, 245, 245, 245, 245, 18, 18, 114, 114, 185, 186, 114, 6, 41, 41
DB 41, 41, 41, 6, 113, 0, 0, 185, 114, 113, 113, 6, 114, 18, 18, 245, 245, 245, 245, 245
DB 245, 245, 245, 245, 245, 245, 245, 245, 245, 245, 245, 245, 245, 245, 245, 222, 222, 222, 222, 18
DB 208, 6, 6, 186, 186, 114, 6, 41, 6, 6, 41, 41, 6, 114, 186, 185, 184, 185, 113, 113
DB 186, 114, 6, 186, 17, 222, 245, 245, 245, 245, 245, 245, 245, 245, 245, 245, 245, 245, 245, 245
DB 245, 245, 245, 245, 245, 18, 17, 17, 17, 17, 6, 6, 186, 186, 6, 6, 41, 6, 6, 6
DB 41, 6, 186, 185, 114, 6, 6, 185, 17, 113, 113, 17, 186, 6, 186, 17, 222, 245, 245, 245
DB 245, 245, 245, 245, 245, 245, 245, 245, 245, 245, 245, 245, 245, 246, 18, 17, 186, 186, 0, 0
DB 114, 114, 0, 185, 6, 42, 41, 6, 6, 6, 42, 6, 17, 0, 6, 43, 65, 247, 0, 113
DB 114, 0, 185, 6, 6, 186, 18, 222, 245, 245, 245, 245, 245, 245, 245, 245, 245, 245, 245, 245
DB 245, 245, 245, 18, 17, 113, 6, 6, 186, 0, 0, 0, 0, 185, 6, 42, 41, 6, 6, 6
DB 41, 6, 185, 0, 113, 65, 91, 172, 17, 113, 114, 0, 17, 6, 42, 6, 186, 18, 246, 245
DB 245, 245, 245, 245, 245, 245, 245, 245, 245, 245, 245, 245, 222, 17, 113, 6, 41, 41, 6, 185
DB 0, 0, 17, 114, 6, 6, 114, 6, 41, 41, 41, 41, 114, 185, 17, 137, 25, 23, 210, 114
DB 6, 114, 185, 113, 41, 42, 6, 18, 18, 246, 245, 245, 245, 245, 245, 245, 245, 245, 245, 245
DB 245, 222, 17, 113, 6, 41, 41, 41, 41, 6, 0, 0, 114, 41, 41, 186, 17, 114, 41, 41
DB 6, 41, 6, 113, 0, 0, 18, 137, 6, 41, 41, 41, 114, 17, 114, 41, 42, 114, 17, 18
DB 245, 245, 245, 245, 245, 245, 245, 245, 245, 245, 18, 18, 0, 6, 42, 42, 41, 41, 42, 41
DB 185, 0, 6, 42, 41, 17, 0, 114, 41, 41, 6, 41, 41, 6, 186, 17, 185, 6, 41, 41
DB 42, 42, 6, 17, 185, 41, 42, 6, 17, 17, 18, 246, 245, 245, 245, 245, 245, 245, 245, 245
DB 17, 0, 0, 114, 41, 42, 6, 6, 41, 6, 185, 0, 6, 42, 41, 185, 0, 186, 41, 41
DB 41, 41, 41, 41, 6, 6, 113, 6, 41, 41, 42, 42, 114, 17, 186, 41, 41, 6, 208, 0
DB 17, 18, 245, 245, 245, 245, 245, 245, 245, 245, 0, 0, 0, 185, 6, 41, 6, 113, 113, 113
DB 17, 0, 186, 6, 41, 114, 17, 17, 114, 41, 42, 41, 41, 41, 42, 41, 114, 185, 113, 6
DB 41, 6, 186, 17, 6, 41, 6, 163, 24, 22, 18, 17, 222, 245, 245, 245, 245, 245, 245, 245
DB 0, 0, 0, 0, 186, 6, 114, 17, 0, 0, 0, 0, 0, 114, 41, 41, 114, 0, 0, 6
DB 41, 41, 41, 41, 42, 6, 185, 0, 0, 114, 6, 186, 0, 17, 6, 6, 113, 172, 101, 29
DB 6, 185, 17, 222, 245, 245, 245, 245, 245, 245, 0, 0, 0, 0, 17, 113, 114, 17, 0, 0
DB 0, 0, 0, 186, 41, 42, 6, 185, 0, 185, 113, 114, 6, 6, 6, 113, 185, 0, 185, 113
DB 185, 0, 0, 0, 186, 113, 185, 161, 29, 91, 12, 6, 186, 18, 222, 245, 245, 245, 245, 245
DB 0, 0, 17, 0, 0, 0, 113, 6, 6, 6, 185, 0, 0, 185, 6, 42, 42, 6, 114, 17
DB 0, 0, 114, 6, 185, 17, 113, 6, 114, 186, 17, 0, 0, 0, 0, 17, 185, 6, 64, 65
DB 42, 41, 6, 186, 18, 246, 245, 245, 245, 245, 0, 244, 172, 17, 0, 0, 186, 42, 42, 41
DB 186, 0, 0, 0, 113, 41, 42, 42, 41, 113, 17, 185, 6, 114, 0, 0, 114, 4, 113, 161
DB 244, 0, 0, 0, 185, 186, 186, 6, 41, 42, 41, 6, 114, 17, 17, 246, 245, 245, 245, 245
DB 17, 24, 29, 22, 0, 0, 186, 42, 42, 41, 186, 0, 0, 0, 0, 114, 42, 42, 41, 6
DB 6, 6, 41, 114, 17, 17, 113, 112, 17, 25, 27, 200, 0, 0, 6, 6, 186, 113, 6, 41
DB 41, 113, 17, 0, 17, 246, 245, 245, 245, 245, 0, 163, 91, 29, 174, 17, 17, 114, 6, 6
DB 113, 186, 185, 0, 0, 17, 114, 6, 6, 41, 42, 42, 42, 6, 114, 186, 113, 184, 186, 28
DB 15, 163, 0, 0, 6, 41, 186, 17, 113, 6, 114, 17, 0, 185, 208, 18, 18, 245, 245, 245
DB 0, 209, 65, 15, 28, 150, 0, 17, 17, 185, 114, 6, 6, 113, 0, 0, 17, 17, 185, 6
DB 42, 42, 41, 41, 41, 114, 185, 184, 6, 90, 15, 64, 113, 0, 113, 6, 186, 0, 0, 17
DB 185, 0, 17, 114, 114, 208, 17, 245, 245, 245, 17, 17, 6, 66, 90, 162, 0, 0, 0, 0
DB 6, 42, 42, 6, 113, 0, 0, 0, 0, 186, 6, 114, 114, 6, 6, 113, 17, 0, 113, 65
DB 66, 42, 6, 137, 184, 184, 184, 0, 0, 0, 0, 186, 114, 6, 114, 185, 0, 245, 245, 245
DB 18, 18, 17, 6, 42, 114, 0, 0, 0, 0, 6, 42, 42, 42, 6, 185, 0, 0, 0, 0
DB 0, 0, 0, 0, 17, 17, 0, 0, 0, 6, 41, 41, 65, 28, 150, 0, 0, 0, 0, 0
DB 0, 114, 6, 114, 185, 0, 0, 245, 245, 245, 245, 222, 17, 185, 113, 185, 0, 0, 0, 0
DB 185, 6, 41, 42, 42, 114, 185, 185, 17, 0, 0, 0, 0, 0, 0, 0, 0, 0, 0, 184
DB 4, 41, 66, 15, 101, 20, 0, 0, 0, 0, 0, 186, 6, 186, 0, 17, 17, 245, 245, 245
DB 245, 245, 222, 17, 184, 0, 0, 0, 17, 17, 0, 185, 6, 42, 42, 41, 6, 6, 114, 17
DB 0, 0, 0, 0, 0, 0, 0, 17, 17, 0, 184, 4, 64, 30, 15, 28, 20, 0, 0, 0
DB 0, 185, 185, 17, 17, 18, 18, 245, 245, 245, 245, 245, 245, 18, 17, 0, 0, 0, 8, 172
DB 17, 0, 184, 6, 42, 41, 41, 41, 6, 114, 185, 186, 186, 17, 0, 0, 113, 6, 114, 17
DB 0, 184, 6, 89, 15, 15, 27, 18, 0, 0, 0, 0, 0, 17, 18, 245, 245, 245, 245, 245
DB 245, 245, 245, 246, 18, 17, 0, 17, 24, 29, 175, 0, 0, 113, 41, 42, 41, 41, 41, 6
DB 6, 6, 6, 114, 17, 17, 6, 42, 41, 186, 0, 0, 185, 6, 89, 15, 15, 7, 18, 0
DB 0, 0, 0, 18, 222, 245, 245, 245, 245, 245, 245, 245, 245, 245, 245, 18, 17, 0, 23, 30
DB 28, 149, 17, 17, 113, 6, 41, 41, 41, 41, 41, 41, 42, 41, 114, 113, 114, 6, 6, 185
DB 0, 0, 0, 185, 6, 66, 15, 15, 25, 18, 0, 17, 18, 222, 245, 245, 245, 245, 245, 245
DB 245, 245, 245, 245, 245, 222, 18, 0, 113, 65, 30, 28, 220, 0, 0, 114, 41, 41, 41, 41
DB 41, 41, 41, 41, 41, 114, 185, 17, 17, 17, 0, 0, 0, 0, 184, 6, 90, 15, 30, 25
DB 17, 18, 222, 245, 245, 245, 245, 245, 245, 245, 245, 245, 245, 245, 245, 245, 222, 17, 17, 6
DB 66, 90, 8, 0, 0, 17, 6, 41, 42, 41, 42, 41, 113, 112, 113, 185, 0, 0, 0, 186
DB 113, 0, 0, 0, 0, 185, 6, 30, 15, 15, 24, 18, 222, 246, 245, 245, 245, 245, 245, 245
DB 245, 245, 245, 245, 245, 245, 245, 222, 17, 17, 6, 12, 210, 0, 0, 0, 185, 6, 42, 42
DB 41, 41, 186, 0, 0, 0, 0, 0, 0, 114, 6, 185, 0, 0, 0, 0, 113, 12, 15, 15
DB 15, 22, 18, 222, 245, 245, 245, 245, 245, 245, 245, 245, 245, 245, 245, 245, 245, 245, 18, 17
DB 185, 113, 185, 0, 0, 0, 0, 185, 6, 41, 6, 114, 8, 150, 18, 185, 185, 0, 0, 113
DB 114, 17, 0, 17, 17, 0, 0, 114, 66, 30, 29, 22, 18, 222, 245, 245, 245, 245, 245, 245
DB 245, 245, 245, 245, 245, 245, 245, 245, 246, 18, 17, 184, 0, 0, 0, 17, 17, 0, 186, 6
DB 113, 185, 23, 27, 164, 6, 6, 185, 0, 17, 185, 17, 185, 114, 114, 0, 0, 185, 6, 12
DB 162, 247, 222, 246, 245, 245, 245, 245, 245, 245, 245, 245, 245, 245, 245, 245, 245, 245, 245, 245
DB 18, 17, 0, 0, 0, 174, 173, 17, 0, 185, 17, 0, 22, 89, 65, 42, 41, 113, 0, 0
DB 17, 114, 114, 6, 113, 17, 17, 17, 185, 113, 18, 18, 245, 245, 245, 245, 245, 245, 245, 245
DB 245, 245, 245, 245, 245, 245, 245, 245, 245, 245, 246, 18, 17, 0, 17, 7, 28, 150, 0, 0
DB 0, 0, 136, 12, 42, 42, 41, 113, 0, 0, 185, 6, 6, 113, 18, 222, 222, 18, 17, 17
DB 18, 246, 245, 245, 245, 245, 245, 245, 245, 245, 245, 245, 245, 245, 245, 245, 245, 245, 245, 245
DB 245, 246, 18, 17, 0, 24, 30, 28, 174, 17, 0, 0, 113, 41, 42, 6, 114, 113, 186, 186
DB 114, 6, 114, 18, 18, 245, 245, 222, 17, 18, 245, 245, 245, 245, 245, 245, 245, 245, 245, 245
DB 245, 245, 245, 245, 245, 245, 245, 245, 245, 245, 245, 245, 222, 18, 0, 113, 66, 15, 29, 244
DB 0, 0, 113, 41, 41, 6, 186, 113, 6, 41, 6, 186, 17, 18, 246, 245, 245, 245, 222, 222
DB 245, 245, 245, 245, 245, 245, 245, 245, 245, 245, 245, 245, 245, 245, 245, 245, 245, 245, 245, 245
DB 245, 245, 245, 222, 17, 17, 6, 67, 90, 8, 0, 0, 185, 114, 114, 113, 113, 6, 42, 41
DB 114, 17, 17, 246, 245, 245, 245, 245, 245, 245, 245, 245, 245, 245, 245, 245, 245, 245, 245, 245
DB 245, 245, 245, 245, 245, 245, 245, 245, 245, 245, 245, 245, 245, 245, 222, 17, 185, 6, 12, 210
DB 0, 0, 0, 0, 0, 185, 6, 41, 41, 114, 185, 0, 17, 245, 245, 245, 245, 245, 245, 245
DB 245, 245, 245, 245, 245, 245, 245, 245, 245, 245, 245, 245, 245, 245, 245, 245, 245, 245, 245, 245
DB 245, 245, 245, 245, 245, 18, 17, 113, 113, 185, 0, 0, 0, 0, 0, 185, 6, 41, 6, 185
DB 0, 17, 18, 246, 245, 245, 245, 245, 245, 245, 245, 245, 245, 245, 245, 245, 245, 245, 245, 245
DB 245, 245, 245, 245, 245, 245, 245, 245, 245, 245, 245, 245, 245, 245, 245, 246, 18, 17, 184, 0
DB 0, 0, 0, 0, 0, 185, 6, 6, 186, 0, 0, 18, 222, 245, 245, 245, 245, 245, 245, 245
DB 245, 245, 245, 245, 245, 245, 245, 245, 245, 245, 245, 245, 245, 245, 245, 245, 245, 245, 245, 245
DB 245, 245, 245, 245, 245, 245, 245, 18, 17, 0, 0, 0, 0, 0, 0, 17, 113, 186, 0, 0
DB 17, 246, 245, 245, 245, 245, 245, 245, 245, 245, 245, 245, 245, 245, 245, 245, 245, 245, 245, 245
DB 245, 245, 245, 245, 245, 245, 245, 245, 245, 245, 245, 245, 245, 245, 245, 245, 245, 222, 18, 0
DB 0, 0, 0, 0, 0, 0, 17, 17, 0, 18, 222, 245, 245, 245, 245, 245, 245, 245, 245, 245
DB 245, 245, 245, 245, 245, 245, 245, 245, 245, 245, 245, 245, 245, 245, 245, 245, 245, 245, 245, 245
DB 245, 245, 245, 245, 245, 245, 245, 245, 18, 17, 0, 0, 0, 0, 0, 0, 0, 0, 0, 18
DB 245, 245, 245, 245, 245, 245, 245, 245, 245, 245, 245, 245, 245, 245, 245, 245, 245, 245, 245, 245