DB 245, 245, 245, 245, 18, 17, 0, 0, 0, 0, 0, 0, 0, 0, 0, 0, 0, 0, 0, 17
DB 18, 245, 245, 245, 245, 245, 245, 245, 245, 18, 17, 0, 0, 0, 0, 0, 0, 0, 0, 0
DB 0, 0, 0, 0, 17, 18, 245, 245, 245, 245, 245, 245, 245, 245, 18, 17, 0, 0, 17, 185
DB 185, 17, 17, 17, 185, 186, 185, 17, 0, 17, 18, 245, 245, 245, 245, 245, 245, 245, 245, 18
DB 17, 0, 17, 185, 186, 185, 185, 17, 17, 17, 185, 17, 0, 0, 17, 18, 245, 245, 245, 245
DB 245, 245, 18, 17, 17, 0, 0, 17, 114, 6, 6, 114, 114, 114, 6, 6, 6, 113, 17, 0
DB 17, 17, 17, 17, 17, 17, 17, 17, 17, 17, 0, 17, 186, 114, 6, 6, 6, 114, 114, 6
DB 6, 114, 17, 0, 0, 17, 17, 18, 245, 245, 245, 18, 17, 0, 0, 0, 17, 114, 6, 41
DB 41, 41, 41, 41, 41, 41, 6, 113, 0, 0, 0, 0, 0, 0, 0, 0, 0, 0, 0, 0
DB 0, 0, 185, 114, 6, 41, 41, 41, 41, 41, 41, 6, 114, 185, 0, 0, 0, 17, 18, 245
DB 17, 17, 0, 0, 0, 186, 114, 6, 41, 42, 42, 42, 42, 41, 41, 6, 113, 17, 0, 0
DB 0, 0, 0, 0, 0, 0, 0, 0, 0, 0, 0, 0, 0, 185, 114, 41, 42, 42, 41, 41
DB 41, 41, 41, 6, 186, 0, 0, 0, 17, 17, 0, 0, 0, 0, 185, 6, 41, 42, 42, 41
DB 41, 41, 41, 41, 6, 186, 0, 0, 0, 0, 17, 17, 17, 17, 17, 17, 17, 17, 17, 17
DB 17, 0, 0, 0, 185, 6, 41, 42, 41, 41, 41, 42, 42, 41, 6, 185, 0, 0, 0, 0
DB 0, 0, 0, 0, 186, 6, 42, 42, 42, 41, 41, 41, 41, 6, 114, 185, 0, 0, 0, 17
DB 113, 6, 6, 6, 6, 6, 6, 6, 6, 6, 6, 113, 17, 0, 17, 113, 6, 41, 41, 6
DB 41, 42, 42, 42, 6, 186, 0, 0, 0, 0, 0, 0, 0, 0, 185, 114, 6, 41, 41, 6
DB 6, 41, 42, 41, 6, 185, 0, 0, 0, 17, 6, 42, 42, 42, 42, 41, 41, 41, 42, 42
DB 42, 6, 113, 17, 185, 114, 6, 42, 41, 6, 6, 6, 41, 6, 6, 186, 0, 0, 0, 0
DB 0, 0, 0, 0, 17, 185, 186, 186, 185, 113, 6, 42, 42, 42, 6, 186, 0, 0, 0, 0
DB 186, 114, 6, 114, 114, 114, 114, 114, 114, 6, 6, 114, 185, 17, 186, 6, 41, 42, 42, 6
DB 114, 186, 185, 185, 185, 17, 0, 0, 0, 0, 0, 0, 0, 0, 0, 0, 0, 0, 0, 17
DB 114, 41, 42, 41, 6, 185, 0, 0, 0, 0, 0, 0, 0, 0, 0, 0, 0, 0, 0, 0
DB 0, 0, 0, 0, 185, 114, 6, 42, 41, 6, 186, 0, 0, 0, 0, 0, 0, 0, 0, 0
DB 0, 0, 0, 0, 0, 17, 186, 113, 113, 113, 113, 113, 114, 113, 185, 0, 0, 0, 0, 0
DB 17, 185, 186, 186, 185, 185, 185, 186, 186, 17, 0, 0, 0, 0, 0, 185, 113, 114, 114, 113
DB 113, 113, 113, 186, 185, 0, 0, 0, 0, 0, 0, 0, 0, 0, 185, 114, 6, 41, 6, 114
DB 185, 0, 0, 0, 0, 0, 0, 0, 0, 17, 114, 6, 6, 6, 6, 6, 6, 6, 6, 114
DB 185, 0, 0, 0, 0, 0, 0, 0, 0, 185, 113, 6, 41, 6, 114, 185, 0, 0, 0, 0
DB 23, 175, 223, 17, 185, 6, 41, 42, 6, 186, 0, 0, 0, 0, 0, 17, 186, 113, 113, 114
DB 6, 41, 42, 41, 41, 41, 41, 41, 41, 6, 114, 113, 113, 186, 17, 0, 0, 0, 0, 0
DB 185, 6, 42, 42, 6, 185, 17, 198, 150, 23, 30, 28, 172, 18, 185, 4, 41, 6, 113, 0
DB 0, 0, 0, 0, 17, 114, 6, 41, 41, 6, 41, 41, 41, 41, 41, 41, 41, 41, 41, 41
DB 41, 41, 41, 6, 114, 17, 0, 0, 0, 0, 0, 186, 6, 41, 4, 184, 17, 173, 28, 30
DB 30, 15, 7, 19, 17, 184, 185, 185, 0, 0, 0, 0, 0, 185, 114, 6, 42, 42, 42, 42
DB 41, 41, 6, 6, 6, 6, 6, 41, 41, 42, 42, 42, 42, 42, 41, 6, 186, 0, 0, 0
DB 0, 0, 185, 185, 184, 0, 17, 24, 15, 30, 30, 15, 7, 246, 0, 0, 0, 0, 0, 0
DB 0, 0, 186, 6, 41, 42, 42, 41, 41, 41, 6, 6, 6, 6, 6, 6, 6, 6, 6, 41
DB 41, 41, 42, 42, 42, 41, 6, 113, 0, 0, 0, 0, 0, 0, 0, 0, 17, 24, 15, 30
DB 27, 25, 8, 17, 0, 0, 17, 17, 0, 0, 0, 0, 113, 41, 42, 42, 41, 6, 113, 113
DB 114, 6, 41, 41, 41, 41, 41, 6, 114, 186, 186, 114, 6, 41, 42, 42, 42, 114, 0, 0
DB 0, 0, 17, 17, 0, 0, 0, 245, 25, 27, 18, 17, 0, 0, 185, 113, 6, 113, 17, 0
DB 0, 0, 113, 41, 42, 42, 6, 186, 0, 0, 113, 6, 41, 41, 41, 41, 6, 114, 17, 0
DB 0, 0, 186, 6, 41, 42, 41, 114, 0, 0, 0, 17, 113, 114, 113, 185, 0, 0, 17, 18
DB 0, 0, 0, 0, 113, 6, 41, 6, 17, 0, 0, 186, 6, 41, 41, 6, 113, 17, 17, 185
DB 114, 6, 41, 41, 6, 6, 114, 186, 17, 17, 0, 0, 184, 113, 6, 41, 41, 6, 113, 17
DB 0, 17, 114, 6, 6, 113, 17, 0, 0, 0, 0, 0, 0, 0, 113, 6, 41, 6, 17, 0
DB 185, 6, 41, 41, 6, 186, 17, 17, 113, 6, 6, 41, 41, 41, 114, 185, 17, 185, 113, 6
DB 6, 114, 185, 17, 185, 114, 41, 41, 6, 113, 0, 17, 114, 6, 6, 114, 17, 0, 0, 0
DB 0, 0, 0, 0, 186, 6, 41, 114, 0, 0, 113, 41, 42, 41, 114, 0, 0, 185, 6, 41
DB 41, 41, 41, 6, 113, 0, 0, 184, 6, 42, 66, 65, 8, 17, 0, 185, 6, 42, 42, 6
DB 17, 0, 113, 6, 6, 113, 17, 0, 0, 0, 0, 0, 0, 0, 113, 6, 6, 114, 0, 0
DB 113, 42, 42, 41, 113, 0, 0, 185, 6, 42, 42, 41, 41, 6, 186, 0, 0, 184, 6, 66
DB 92, 15, 24, 197, 0, 185, 6, 42, 42, 6, 185, 0, 186, 6, 6, 186, 17, 0, 0, 0
DB 0, 0, 0, 0, 186, 6, 6, 114, 0, 0, 113, 42, 42, 41, 113, 0, 0, 185, 6, 42
DB 42, 41, 41, 6, 114, 185, 0, 17, 113, 12, 28, 102, 24, 20, 186, 113, 6, 42, 42, 6
DB 185, 0, 186, 6, 6, 113, 17, 0, 0, 0, 0, 0, 0, 0, 185, 6, 6, 114, 0, 0
DB 113, 42, 42, 41, 113, 0, 0, 185, 6, 42, 42, 41, 41, 41, 6, 6, 114, 185, 0, 17
DB 223, 220, 20, 136, 6, 6, 41, 42, 42, 6, 185, 0, 113, 6, 6, 186, 0, 0, 0, 0
DB 17, 17, 0, 0, 185, 6, 6, 114, 0, 0, 185, 6, 42, 41, 6, 185, 0, 17, 114, 41
DB 41, 41, 41, 41, 42, 42, 42, 114, 0, 0, 0, 0, 185, 6, 41, 41, 41, 41, 6, 114
DB 17, 0, 113, 6, 6, 185, 0, 0, 17, 17, 7, 25, 150, 17, 185, 4, 6, 114, 17, 0
DB 0, 186, 6, 41, 41, 6, 114, 185, 0, 185, 114, 6, 41, 41, 42, 42, 42, 6, 114, 185
DB 184, 112, 4, 41, 41, 42, 41, 6, 186, 17, 0, 17, 114, 6, 113, 184, 17, 244, 25, 27
DB 30, 15, 25, 19, 185, 113, 6, 114, 185, 0, 0, 0, 113, 6, 42, 42, 41, 113, 0, 0
DB 114, 41, 41, 6, 114, 114, 114, 6, 41, 42, 41, 41, 41, 41, 41, 42, 41, 114, 0, 0
DB 0, 17, 114, 6, 113, 184, 17, 24, 15, 30, 30, 15, 7, 244, 185, 113, 6, 114, 185, 0
DB 0, 0, 186, 6, 42, 42, 42, 6, 113, 113, 6, 6, 6, 186, 0, 0, 17, 114, 41, 42
DB 42, 42, 41, 41, 41, 42, 41, 113, 0, 0, 0, 17, 114, 6, 113, 184, 17, 24, 15, 30
DB 29, 27, 173, 18, 185, 113, 6, 114, 17, 0, 0, 0, 185, 114, 41, 42, 42, 42, 41, 6
DB 6, 6, 113, 185, 17, 17, 185, 113, 6, 6, 41, 42, 42, 41, 41, 41, 6, 186, 0, 0
DB 0, 17, 114, 6, 113, 184, 17, 150, 27, 29, 8, 245, 17, 17, 185, 6, 6, 114, 17, 0
DB 0, 0, 0, 185, 114, 6, 42, 42, 42, 41, 114, 186, 186, 113, 114, 6, 114, 186, 185, 186
DB 6, 42, 42, 42, 41, 6, 186, 17, 0, 0, 0, 0, 114, 6, 114, 185, 0, 17, 245, 8
DB 0, 0, 0, 0, 185, 6, 41, 6, 185, 0, 0, 0, 0, 0, 185, 114, 6, 42, 42, 6
DB 185, 0, 185, 113, 6, 41, 6, 185, 0, 0, 113, 6, 42, 41, 6, 186, 0, 0, 0, 0
DB 0, 185, 6, 6, 6, 185, 0, 0, 0, 0, 0, 0, 0, 0, 185, 6, 41, 41, 6, 186
DB 17, 0, 0, 0, 0, 17, 186, 114, 113, 185, 0, 0, 0, 184, 185, 113, 185, 17, 0, 0
DB 17, 186, 114, 113, 185, 0, 0, 0, 0, 0, 186, 6, 41, 41, 6, 186, 0, 0, 0, 0
DB 0, 0, 0, 0, 185, 114, 41, 42, 42, 6, 186, 0, 0, 0, 0, 0, 0, 0, 0, 0
DB 0, 0, 0, 0, 0, 0, 0, 0, 0, 0, 0, 0, 0, 0, 0, 0, 0, 0, 0, 0
DB 114, 42, 42, 42, 6, 185, 0, 0, 0, 0, 0, 0, 0, 0, 185, 114, 41, 42, 42, 6
DB 186, 0, 0, 0, 0, 0, 0, 0, 0, 0, 0, 0, 247, 173, 24, 24, 172, 246, 17, 0
DB 0, 0, 0, 0, 0, 0, 0, 0, 0, 0, 114, 42, 42, 42, 6, 185, 0, 0, 0, 0
DB 0, 0, 0, 0, 185, 114, 41, 42, 42, 41, 114, 17, 0, 0, 0, 0, 0, 0, 0, 0
DB 0, 17, 23, 29, 15, 15, 30, 25, 17, 0, 0, 0, 0, 0, 0, 0, 0, 0, 17, 186
DB 6, 42, 42, 42, 6, 185, 0, 0, 0, 0, 0, 0, 0, 0, 185, 114, 41, 42, 42, 41
DB 6, 114, 185, 0, 0, 0, 0, 0, 0, 0, 0, 17, 24, 30, 15, 15, 15, 7, 17, 0
DB 0, 0, 0, 0, 0, 0, 0, 185, 114, 6, 41, 42, 42, 41, 6, 185, 0, 0, 0, 0
DB 17, 0, 0, 0, 185, 6, 41, 41, 41, 6, 6, 113, 185, 0, 0, 0, 0, 0, 0, 0
DB 0, 0, 24, 30, 15, 15, 30, 24, 0, 0, 0, 0, 0, 0, 0, 0, 0, 185, 113, 6
DB 6, 41, 41, 41, 6, 185, 0, 0, 0, 17, 24, 174, 223, 17, 185, 6, 41, 6, 113, 184
DB 184, 184, 184, 0, 0, 0, 0, 0, 0, 0, 0, 0, 23, 30, 15, 15, 30, 23, 0, 0
DB 0, 0, 0, 0, 0, 0, 0, 184, 184, 184, 184, 113, 6, 41, 6, 185, 0, 198, 174, 24
DB 30, 28, 172, 18, 184, 113, 6, 114, 185, 0, 0, 0, 0, 0, 0, 0, 0, 0, 0, 0
DB 0, 0, 23, 29, 15, 15, 29, 22, 0, 0, 0, 0, 0, 0, 0, 0, 0, 0, 0, 17
DB 0, 185, 113, 6, 113, 184, 17, 173, 28, 30, 30, 15, 7, 19, 0, 184, 185, 137, 172, 172
DB 172, 149, 197, 0, 0, 185, 186, 185, 17, 0, 0, 0, 23, 29, 15, 15, 29, 22, 0, 0
DB 0, 0, 186, 113, 185, 0, 0, 198, 149, 24, 24, 172, 8, 185, 0, 0, 17, 24, 15, 30
DB 30, 15, 7, 18, 0, 0, 17, 172, 101, 15, 15, 101, 24, 221, 186, 113, 6, 6, 185, 0
DB 0, 0, 23, 30, 15, 15, 29, 22, 0, 0, 0, 185, 114, 6, 113, 184, 17, 172, 101, 15
DB 15, 30, 25, 18, 0, 0, 17, 23, 15, 30, 27, 25, 8, 17, 0, 0, 185, 24, 30, 15
DB 15, 30, 7, 139, 6, 6, 6, 113, 17, 0, 0, 0, 23, 30, 15, 15, 29, 22, 0, 0
DB 0, 17, 186, 114, 113, 113, 114, 25, 30, 15, 15, 30, 7, 137, 17, 0, 0, 245, 25, 27
DB 17, 17, 0, 0, 17, 185, 6, 41, 65, 66, 66, 65, 42, 6, 114, 113, 185, 17, 0, 0
DB 0, 0, 23, 29, 15, 15, 29, 22, 0, 0, 0, 0, 0, 17, 185, 113, 6, 42, 64, 66
DB 66, 65, 42, 6, 113, 17, 0, 0, 17, 17, 17, 17, 0, 0, 17, 186, 114, 113, 113, 185
DB 185, 113, 113, 113, 185, 0, 0, 17, 186, 185, 0, 0, 173, 29, 15, 15, 29, 22, 0, 0
DB 17, 185, 113, 114, 113, 113, 113, 113, 113, 185, 185, 113, 113, 113, 185, 17, 0, 0, 17, 17
DB 245, 18, 17, 0, 0, 17, 185, 185, 0, 0, 0, 0, 184, 17, 0, 0, 0, 186, 6, 6
DB 184, 17, 172, 29, 15, 15, 29, 23, 0, 0, 184, 6, 41, 6, 114, 186, 185, 0, 0, 0
DB 0, 0, 184, 185, 17, 0, 0, 17, 18, 245, 245, 245, 18, 0, 17, 185, 186, 113, 186, 185
DB 185, 186, 113, 186, 17, 0, 0, 186, 114, 113, 184, 17, 23, 30, 15, 15, 30, 24, 0, 0
DB 184, 114, 6, 6, 114, 113, 186, 186, 185, 185, 185, 186, 113, 186, 185, 17, 17, 18, 245, 245
DB 245, 245, 18, 17, 185, 114, 6, 6, 6, 6, 6, 6, 6, 6, 114, 185, 0, 17, 185, 184
DB 0, 17, 24, 30, 15, 15, 15, 25, 17, 0, 0, 17, 185, 186, 114, 6, 6, 6, 6, 6
DB 6, 6, 6, 6, 114, 185, 17, 18, 245, 245, 245, 245, 245, 17, 18, 114, 6, 41, 6, 6
DB 6, 6, 41, 6, 114, 185, 0, 17, 17, 17, 17, 17, 8, 27, 30, 15, 28, 22, 17, 17
DB 17, 17, 17, 0, 185, 114, 6, 6, 6, 6, 6, 6, 41, 6, 114, 186, 17, 18, 245, 245
DB 245, 245, 245, 245, 18, 186, 113, 113, 113, 186, 186, 113, 113, 186, 185, 17, 0, 17, 18, 245
DB 245, 18, 18, 19, 8, 22, 20, 18, 18, 245, 245, 18, 17, 0, 0, 17, 186, 113, 113, 186
DB 186, 113, 113, 186, 186, 18, 245, 245, 245, 245, 245, 245, 245, 245, 18, 17, 0, 0, 0, 0
DB 0, 0, 0, 0, 0, 0, 17, 18, 245, 245, 245, 245, 18, 17, 0, 0, 17, 18, 245, 245
DB 245, 245, 18, 17, 0, 0, 0, 0, 0, 0, 0, 0, 0, 0, 17, 18, 245, 245, 245, 245