DB 245, 245, 245, 245, 18, 17, 0, 0, 0, 0, 0, 0, 0, 0, 0, 0, 17, 18, 245, 245
DB 245, 245, 18, 17, 0, 0, 17, 18, 245, 245, 245, 245, 18, 17, 0, 0, 0, 0, 0, 0
DB 0, 0, 0, 0, 17, 18, 245, 245, 245, 245, 245, 245, 245, 245, 18, 186, 186, 113, 113, 186
DB 186, 113, 113, 186, 17, 0, 0, 17, 18, 245, 245, 18, 18, 20, 22, 8, 19, 18, 18, 245
DB 245, 18, 17, 0, 17, 185, 186, 113, 113, 186, 186, 113, 113, 113, 186, 18, 222, 245, 245, 245
DB 245, 246, 18, 17, 186, 114, 6, 41, 6, 6, 6, 6, 6, 6, 114, 185, 0, 17, 17, 17
DB 17, 17, 22, 28, 15, 30, 27, 8, 17, 17, 17, 17, 17, 0, 185, 114, 6, 41, 6, 6
DB 6, 6, 41, 6, 114, 18, 17, 18, 246, 245, 245, 246, 18, 17, 185, 114, 6, 6, 6, 6
DB 6, 6, 6, 6, 6, 114, 186, 185, 17, 0, 0, 17, 25, 15, 15, 15, 30, 24, 17, 0
DB 184, 185, 17, 0, 185, 114, 6, 6, 6, 6, 6, 6, 6, 6, 114, 185, 17, 18, 246, 245
DB 245, 246, 18, 17, 17, 185, 186, 113, 186, 185, 185, 185, 186, 186, 113, 114, 6, 6, 114, 184
DB 0, 0, 24, 30, 15, 15, 30, 23, 17, 184, 113, 114, 186, 0, 0, 17, 186, 113, 186, 185
DB 185, 186, 113, 186, 185, 17, 0, 18, 246, 245, 245, 18, 17, 0, 0, 17, 185, 184, 0, 0
DB 0, 0, 0, 185, 186, 114, 6, 41, 6, 184, 0, 0, 23, 29, 15, 15, 29, 172, 17, 184
DB 6, 6, 186, 0, 0, 0, 17, 184, 0, 0, 0, 0, 185, 185, 17, 0, 0, 17, 18, 222
DB 17, 17, 0, 0, 17, 185, 113, 113, 113, 185, 185, 113, 113, 113, 113, 113, 114, 113, 185, 17
DB 0, 0, 22, 29, 15, 15, 29, 173, 0, 0, 185, 186, 17, 0, 0, 185, 113, 113, 113, 185
DB 185, 113, 113, 114, 186, 17, 0, 0, 17, 17, 17, 17, 0, 0, 17, 113, 6, 42, 65, 66
DB 66, 64, 42, 6, 113, 185, 17, 0, 0, 0, 0, 0, 22, 29, 15, 15, 29, 23, 0, 0
DB 0, 0, 17, 185, 113, 114, 6, 42, 65, 66, 66, 65, 41, 6, 185, 17, 0, 0, 17, 17
DB 27, 25, 245, 0, 0, 17, 137, 7, 30, 15, 15, 30, 25, 114, 113, 113, 114, 186, 17, 0
DB 0, 0, 22, 29, 15, 15, 30, 23, 0, 0, 0, 17, 113, 6, 6, 6, 139, 7, 30, 15
DB 15, 30, 24, 185, 0, 0, 17, 8, 25, 27, 30, 15, 23, 17, 0, 0, 18, 25, 30, 15
DB 15, 101, 172, 17, 184, 113, 6, 114, 185, 0, 0, 0, 22, 29, 15, 15, 30, 23, 0, 0
DB 0, 185, 6, 6, 113, 186, 221, 24, 101, 15, 15, 101, 172, 17, 0, 0, 18, 7, 15, 30
DB 30, 15, 24, 17, 0, 0, 185, 8, 172, 24, 24, 149, 198, 0, 0, 185, 113, 186, 0, 0
DB 0, 0, 22, 29, 15, 15, 29, 23, 0, 0, 0, 17, 185, 186, 185, 0, 0, 197, 149, 172
DB 172, 172, 137, 185, 184, 0, 19, 7, 15, 30, 30, 28, 173, 17, 184, 113, 6, 113, 185, 0
DB 17, 0, 0, 0, 0, 0, 0, 0, 0, 0, 0, 0, 22, 29, 15, 15, 29, 23, 0, 0
DB 0, 0, 0, 0, 0, 0, 0, 0, 0, 0, 0, 185, 114, 6, 113, 184, 18, 172, 28, 30
DB 24, 174, 198, 0, 185, 6, 41, 6, 113, 184, 184, 184, 184, 0, 0, 0, 0, 0, 0, 0
DB 0, 0, 23, 30, 15, 15, 30, 23, 0, 0, 0, 0, 0, 0, 0, 0, 0, 184, 184, 184
DB 184, 113, 6, 41, 6, 185, 17, 223, 174, 24, 17, 0, 0, 0, 185, 6, 41, 41, 41, 6
DB 6, 113, 185, 0, 0, 0, 0, 0, 0, 0, 0, 0, 24, 30, 15, 15, 30, 24, 0, 0
DB 0, 0, 0, 0, 0, 0, 0, 185, 113, 6, 6, 41, 41, 41, 6, 185, 0, 0, 0, 17
DB 0, 0, 0, 0, 185, 6, 41, 42, 42, 41, 6, 114, 185, 0, 0, 0, 0, 0, 0, 0
DB 0, 17, 7, 15, 15, 15, 30, 24, 17, 0, 0, 0, 0, 0, 0, 0, 0, 185, 114, 6
DB 41, 42, 42, 41, 114, 185, 0, 0, 0, 0, 0, 0, 0, 0, 185, 6, 42, 42, 42, 6
DB 186, 17, 0, 0, 0, 0, 0, 0, 0, 0, 0, 17, 25, 30, 15, 15, 29, 23, 17, 0
DB 0, 0, 0, 0, 0, 0, 0, 0, 17, 114, 41, 42, 42, 41, 114, 185, 0, 0, 0, 0
DB 0, 0, 0, 0, 185, 6, 42, 42, 42, 114, 0, 0, 0, 0, 0, 0, 0, 0, 0, 0
DB 0, 17, 246, 172, 24, 24, 173, 247, 0, 0, 0, 0, 0, 0, 0, 0, 0, 0, 0, 186
DB 6, 42, 42, 41, 114, 185, 0, 0, 0, 0, 0, 0, 0, 0, 185, 6, 42, 42, 42, 114
DB 0, 0, 0, 0, 0, 0, 0, 0, 0, 0, 0, 0, 0, 0, 0, 0, 0, 0, 0, 0
DB 0, 0, 0, 0, 0, 0, 0, 0, 0, 186, 6, 42, 42, 41, 114, 185, 0, 0, 0, 0
DB 0, 0, 0, 0, 186, 6, 41, 41, 6, 186, 0, 0, 0, 0, 0, 185, 113, 114, 186, 17
DB 0, 0, 17, 185, 113, 185, 184, 0, 0, 0, 185, 113, 114, 186, 17, 0, 0, 0, 0, 17
DB 186, 6, 41, 41, 6, 185, 0, 0, 0, 0, 0, 0, 0, 0, 185, 6, 6, 6, 185, 0
DB 0, 0, 0, 0, 186, 6, 41, 42, 6, 113, 0, 0, 185, 6, 41, 6, 113, 185, 0, 185
DB 6, 42, 42, 6, 114, 185, 0, 0, 0, 0, 0, 185, 6, 41, 6, 185, 0, 0, 0, 0
DB 8, 245, 17, 0, 185, 114, 6, 114, 0, 0, 0, 0, 17, 186, 6, 41, 42, 42, 42, 6
DB 186, 185, 186, 114, 6, 114, 113, 186, 186, 114, 41, 42, 42, 42, 6, 114, 185, 0, 0, 0
DB 0, 17, 114, 6, 6, 185, 17, 17, 245, 8, 29, 27, 150, 17, 184, 113, 6, 114, 17, 0
DB 0, 0, 186, 6, 41, 41, 41, 42, 42, 41, 6, 6, 113, 185, 17, 17, 185, 113, 6, 6
DB 6, 41, 42, 42, 42, 41, 114, 185, 0, 0, 0, 17, 114, 6, 113, 185, 18, 173, 27, 29
DB 30, 15, 24, 17, 184, 113, 6, 114, 17, 0, 0, 0, 113, 41, 42, 41, 41, 41, 42, 42
DB 42, 41, 114, 17, 0, 0, 186, 6, 6, 6, 113, 113, 6, 42, 42, 42, 6, 186, 0, 0
DB 0, 185, 114, 6, 113, 185, 244, 7, 15, 30, 30, 15, 24, 17, 184, 113, 6, 114, 17, 0
DB 0, 0, 114, 41, 42, 41, 41, 41, 41, 41, 42, 41, 6, 114, 114, 114, 6, 41, 41, 114
DB 0, 0, 113, 41, 42, 42, 6, 113, 0, 0, 0, 185, 114, 6, 113, 185, 19, 25, 15, 30
DB 27, 25, 244, 17, 184, 113, 6, 114, 17, 0, 17, 186, 6, 41, 42, 41, 41, 4, 112, 184
DB 185, 114, 6, 42, 42, 42, 41, 41, 6, 114, 185, 0, 185, 114, 6, 41, 41, 6, 186, 0
DB 0, 17, 114, 6, 4, 185, 17, 150, 25, 7, 17, 17, 0, 0, 185, 6, 6, 113, 0, 17
DB 114, 6, 41, 41, 41, 41, 6, 185, 0, 0, 0, 0, 114, 42, 42, 42, 41, 41, 41, 41
DB 41, 114, 17, 0, 185, 6, 41, 42, 6, 185, 0, 0, 114, 6, 6, 185, 0, 0, 17, 17
DB 0, 0, 0, 0, 186, 6, 6, 113, 0, 185, 6, 42, 42, 41, 6, 6, 136, 20, 220, 223
DB 17, 0, 185, 114, 6, 6, 41, 41, 41, 42, 42, 6, 185, 0, 0, 113, 41, 42, 42, 113
DB 0, 0, 114, 6, 6, 185, 0, 0, 0, 0, 0, 0, 0, 17, 113, 6, 6, 186, 0, 185
DB 6, 42, 42, 6, 113, 186, 20, 24, 102, 28, 12, 113, 17, 0, 185, 114, 6, 41, 41, 42
DB 42, 6, 185, 0, 0, 113, 41, 42, 42, 113, 0, 0, 114, 6, 6, 186, 0, 0, 0, 0
DB 0, 0, 0, 17, 186, 6, 6, 186, 0, 185, 6, 42, 42, 6, 185, 0, 197, 24, 15, 92
DB 66, 6, 184, 0, 0, 186, 6, 41, 41, 42, 42, 6, 185, 0, 0, 113, 41, 42, 42, 113
DB 0, 0, 114, 6, 6, 113, 0, 0, 0, 0, 0, 0, 0, 17, 113, 6, 6, 113, 0, 17
DB 6, 42, 42, 6, 185, 0, 17, 8, 65, 66, 42, 6, 184, 0, 0, 113, 6, 41, 41, 41
DB 41, 6, 185, 0, 0, 114, 41, 42, 41, 113, 0, 0, 114, 41, 6, 186, 0, 0, 0, 0
DB 0, 0, 0, 17, 114, 6, 6, 114, 17, 0, 113, 6, 41, 41, 114, 185, 17, 185, 114, 6
DB 6, 113, 185, 17, 185, 114, 41, 41, 41, 6, 6, 113, 17, 17, 186, 6, 41, 41, 6, 185
DB 0, 17, 6, 41, 6, 113, 0, 0, 0, 0, 0, 0, 0, 17, 113, 6, 6, 114, 17, 0
DB 17, 113, 6, 41, 41, 6, 113, 184, 0, 0, 17, 17, 186, 114, 6, 6, 41, 41, 6, 114
DB 185, 17, 17, 113, 6, 41, 41, 6, 186, 0, 0, 17, 6, 41, 6, 113, 0, 0, 0, 0
DB 18, 17, 0, 0, 185, 113, 114, 113, 17, 0, 0, 0, 114, 41, 42, 41, 6, 186, 0, 0
DB 0, 17, 114, 6, 41, 41, 41, 41, 6, 113, 0, 0, 186, 6, 42, 42, 41, 113, 0, 0
DB 0, 17, 113, 6, 113, 185, 0, 0, 17, 18, 27, 25, 245, 0, 0, 0, 17, 17, 0, 0
DB 0, 0, 114, 42, 42, 42, 41, 6, 114, 186, 186, 114, 6, 41, 41, 41, 41, 41, 6, 114
DB 113, 113, 6, 41, 42, 42, 41, 113, 0, 0, 0, 0, 17, 17, 0, 0, 17, 8, 25, 27
DB 30, 15, 24, 17, 0, 0, 0, 0, 0, 0, 0, 0, 113, 6, 41, 42, 42, 42, 41, 41
DB 41, 6, 6, 6, 6, 6, 6, 6, 6, 6, 41, 41, 41, 42, 42, 41, 6, 186, 0, 0
DB 0, 0, 0, 0, 0, 0, 246, 7, 15, 30, 30, 15, 24, 17, 0, 184, 185, 185, 0, 0
DB 0, 0, 0, 186, 6, 41, 42, 42, 42, 42, 42, 41, 41, 6, 6, 6, 6, 6, 41, 41
DB 42, 42, 42, 42, 6, 114, 185, 0, 0, 0, 0, 0, 185, 185, 184, 17, 19, 7, 15, 30
DB 30, 28, 173, 17, 184, 4, 41, 6, 186, 0, 0, 0, 0, 0, 17, 114, 6, 41, 41, 41
DB 41, 41, 41, 41, 41, 41, 41, 41, 41, 41, 6, 41, 41, 6, 114, 17, 0, 0, 0, 0
DB 0, 113, 6, 41, 4, 185, 18, 172, 28, 30, 23, 150, 198, 17, 185, 6, 42, 42, 6, 185
DB 0, 0, 0, 0, 0, 17, 186, 113, 113, 114, 6, 41, 41, 41, 41, 41, 41, 42, 41, 6
DB 114, 113, 113, 186, 17, 0, 0, 0, 0, 0, 186, 6, 42, 41, 6, 185, 17, 223, 175, 23
DB 0, 0, 0, 0, 185, 114, 6, 41, 6, 113, 185, 0, 0, 0, 0, 0, 0, 0, 0, 185
DB 114, 6, 6, 6, 6, 6, 6, 6, 6, 114, 17, 0, 0, 0, 0, 0, 0, 0, 0, 185
DB 114, 6, 41, 6, 114, 185, 0, 0, 0, 0, 0, 0, 0, 0, 0, 185, 186, 113, 113, 113
DB 113, 114, 114, 113, 185, 0, 0, 0, 0, 0, 17, 186, 186, 185, 185, 185, 186, 186, 185, 17
DB 0, 0, 0, 0, 0, 185, 113, 114, 113, 113, 113, 113, 113, 186, 17, 0, 0, 0, 0, 0
DB 0, 0, 0, 0, 0, 0, 0, 0, 0, 186, 6, 41, 42, 6, 114, 185, 0, 0, 0, 0
DB 0, 0, 0, 0, 0, 0, 0, 0, 0, 0, 0, 0, 0, 0, 185, 6, 41, 42, 41, 114
DB 17, 0, 0, 0, 0, 0, 0, 0, 0, 0, 0, 0, 0, 0, 17, 185, 185, 185, 186, 114
DB 6, 42, 42, 41, 6, 186, 17, 185, 114, 6, 6, 114, 114, 114, 114, 114, 114, 6, 114, 186
DB 0, 0, 0, 0, 186, 6, 42, 42, 42, 6, 113, 185, 186, 186, 185, 17, 0, 0, 0, 0
DB 0, 0, 0, 0, 186, 6, 6, 41, 6, 6, 6, 41, 42, 6, 114, 185, 17, 113, 6, 42
DB 42, 42, 41, 41, 41, 42, 42, 42, 42, 6, 17, 0, 0, 0, 185, 6, 41, 42, 41, 6
DB 6, 41, 41, 6, 114, 185, 0, 0, 0, 0, 0, 0, 0, 0, 186, 6, 42, 42, 42, 41
DB 6, 41, 41, 6, 113, 17, 0, 17, 113, 6, 6, 6, 6, 6, 6, 6, 6, 6, 6, 113
DB 17, 0, 0, 0, 185, 114, 6, 41, 41, 41, 41, 42, 42, 42, 6, 186, 0, 0, 0, 0
DB 0, 0, 0, 0, 185, 6, 41, 42, 42, 41, 41, 41, 42, 41, 6, 185, 0, 0, 0, 17
DB 17, 17, 17, 17, 17, 17, 17, 17, 17, 17, 0, 0, 0, 0, 186, 6, 41, 41, 41, 41
DB 41, 42, 42, 41, 6, 185, 0, 0, 0, 0, 17, 17, 0, 0, 0, 186, 6, 41, 41, 41
DB 41, 41, 42, 42, 41, 114, 185, 0, 0, 0, 0, 0, 0, 0, 0, 0, 0, 0, 0, 0
DB 0, 0, 17, 113, 6, 41, 41, 42, 42, 42, 42, 41, 6, 114, 186, 0, 0, 0, 17, 17
DB 222, 18, 17, 0, 0, 0, 185, 114, 6, 41, 41, 41, 41, 41, 41, 6, 114, 185, 0, 0
DB 0, 0, 0, 0, 0, 0, 0, 0, 0, 0, 0, 0, 113, 6, 41, 41, 41, 41, 41, 41
DB 41, 6, 114, 17, 0, 0, 0, 17, 18, 222, 245, 246, 18, 17, 17, 0, 0, 17, 114, 6
DB 6, 114, 114, 6, 6, 6, 114, 186, 17, 0, 17, 17, 17, 17, 17, 17, 17, 17, 17, 17
DB 0, 17, 113, 6, 6, 6, 114, 114, 114, 6, 6, 114, 17, 0, 0, 17, 17, 18, 246, 245
DB 245, 245, 245, 222, 18, 17, 0, 0, 17, 185, 17, 17, 17, 185, 185, 186, 185, 17, 0, 17
DB 18, 222, 222, 222, 222, 222, 222, 222, 222, 18, 17, 0, 17, 185, 186, 185, 17, 17, 17, 185
DB 185, 17, 0, 0, 17, 18, 222, 245, 245, 245, 245, 245, 245, 245, 18, 17, 0, 0, 0, 0
DB 0, 0, 0, 0, 0, 0, 0, 0, 0, 17, 18, 246, 245, 245, 245, 245, 245, 245, 246, 18
DB 17, 0, 0, 0, 0, 0, 0, 0, 0, 0, 0, 0, 0, 0, 17, 18, 245, 245, 245, 245