db 0, 0, 0, 0, 0, 0, 0, 0, 0, 0, 0, 0, 0, 0, 0, 0, 0, 0, 0, 0
db 0, 0, 0, 0, 0, 0, 0, 0, 0, 0, 0, 0, 0, 0, 0, 0, 0, 0, 0, 0
db 0, 0, 0, 0, 0, 0, 0, 0, 0, 0, 0, 0, 0, 0, 0, 0, 0, 0, 0, 0
db 0, 0, 0, 0, 0, 0, 0, 0, 0, 0, 0, 0, 0, 0, 7, 7, 0, 0, 0, 0
db 0, 0, 0, 0, 0, 0, 0, 0, 0, 0, 0, 0, 0, 0, 0, 0, 0, 0, 0, 0
db 0, 0, 0, 0, 0, 0, 0, 0, 0, 0, 0, 0, 0, 0, 0, 0, 0, 0, 0, 0
db 0, 0, 7, 7, 7, 7, 7, 7, 0, 0, 0, 0, 0, 0, 0, 0, 0, 0, 0, 0
db 0, 0, 0, 0, 0, 0, 0, 0, 0, 0, 0, 0, 0, 0, 0, 0, 0, 0, 0, 0
db 0, 0, 0, 0, 0, 0, 0, 0, 0, 0, 0, 0, 7, 7, 7, 7, 7, 7, 0, 0
db 0, 0, 0, 0, 0, 0, 0, 0, 0, 0, 0, 0, 0, 0, 0, 0, 0, 0, 0, 0
db 0, 0, 0, 0, 0, 0, 0, 0, 0, 0, 0, 0, 0, 0, 0, 0, 0, 0, 0, 0
db 0, 0, 7, 7, 7, 7, 7, 7, 0, 0, 0, 0, 0, 0, 0, 0, 0, 0, 0, 0
db 0, 0, 0, 0, 0, 0, 0, 0, 0, 0, 0, 0, 0, 0, 0, 0, 1, 1, 1, 1
db 1, 1, 1, 1, 0, 0, 0, 0, 0, 0, 0, 0, 7, 7, 7, 7, 7, 7, 0, 0
db 0, 0, 0, 0, 0, 1, 1, 1, 1, 1, 1, 1, 1, 1, 0, 0, 0, 0, 0, 0
db 0, 0, 0, 0, 0, 1, 3, 3, 3, 3, 3, 3, 3, 3, 1, 0, 0, 0, 0, 0
db 0, 0, 7, 7, 7, 7, 7, 7, 0, 0, 0, 0, 0, 0, 0, 1, 3, 3, 3, 3
db 3, 3, 3, 3, 1, 0, 0, 0, 0, 0, 0, 0, 0, 0, 0, 0, 1, 1, 1, 1
db 1, 1, 1, 1, 1, 3, 3, 3, 1, 0, 0, 0, 7, 7, 7, 7, 7, 6, 0, 0
db 1, 3, 0, 0, 0, 0, 1, 1, 1, 1, 1, 1, 1, 1, 0, 0, 0, 0, 0, 0
db 0, 0, 0, 0, 0, 0, 0, 0, 0, 0, 0, 0, 0, 0, 1, 3, 3, 3, 3, 1
db 0, 0, 6, 7, 7, 7, 7, 6, 0, 1, 3, 3, 1, 0, 0, 0, 0, 0, 0, 0
db 0, 0, 0, 0, 0, 0, 0, 0, 0, 0, 0, 0, 0, 0, 0, 0, 1, 1, 1, 1
db 1, 1, 1, 1, 1, 1, 1, 1, 1, 0, 0, 0, 7, 7, 7, 7, 7, 7, 0, 0
db 1, 1, 0, 0, 0, 0, 1, 1, 1, 1, 1, 1, 1, 1, 0, 0, 0, 0, 0, 0
db 0, 0, 0, 0, 0, 1, 3, 3, 3, 3, 3, 3, 3, 3, 1, 0, 0, 0, 0, 0
db 0, 0, 7, 7, 7, 7, 7, 7, 0, 0, 0, 0, 0, 0, 1, 1, 3, 3, 3, 3
db 3, 3, 3, 3, 1, 0, 0, 0, 0, 0, 7, 7, 0, 0, 0, 0, 3, 7, 7, 7
db 7, 7, 3, 3, 1, 1, 0, 0, 0, 0, 0, 0, 7, 7, 7, 7, 7, 7, 0, 0
db 0, 0, 0, 1, 1, 1, 3, 7, 7, 7, 7, 7, 3, 1, 0, 0, 0, 0, 7, 7
db 7, 7, 7, 0, 0, 0, 0, 7, 7, 7, 7, 7, 7, 0, 0, 1, 1, 1, 0, 0
db 0, 0, 7, 7, 7, 7, 7, 7, 0, 0, 0, 0, 1, 1, 1, 1, 0, 7, 7, 7
db 7, 7, 7, 0, 0, 0, 0, 7, 7, 7, 7, 7, 7, 0, 0, 0, 0, 7, 7, 7
db 7, 6, 0, 0, 0, 0, 1, 1, 0, 0, 0, 0, 7, 7, 7, 7, 7, 7, 0, 0
db 0, 0, 1, 1, 0, 0, 0, 4, 6, 6, 6, 7, 1, 0, 0, 0, 0, 7, 7, 7
db 7, 7, 6, 0, 0, 1, 1, 1, 0, 0, 0, 0, 0, 0, 0, 0, 0, 0, 0, 0
db 0, 0, 7, 7, 7, 7, 7, 7, 0, 0, 0, 0, 0, 0, 0, 0, 0, 0, 0, 0
db 0, 0, 1, 1, 1, 0, 0, 7, 7, 7, 0, 0, 0, 0, 0, 3, 3, 3, 1, 1
db 3, 1, 1, 0, 0, 0, 0, 0, 0, 0, 0, 0, 1, 3, 3, 3, 3, 1, 0, 0
db 0, 0, 0, 0, 0, 0, 0, 1, 1, 1, 1, 1, 3, 3, 1, 0, 0, 0, 0, 0
db 0, 0, 0, 0, 0, 3, 3, 3, 3, 3, 3, 3, 1, 0, 0, 0, 0, 0, 0, 0
db 0, 0, 1, 3, 3, 3, 3, 1, 0, 0, 0, 0, 0, 0, 0, 0, 0, 1, 3, 3
db 3, 3, 3, 3, 1, 0, 0, 0, 0, 0, 0, 0, 0, 0, 0, 3, 3, 3, 3, 3
db 1, 0, 0, 0, 0, 0, 0, 0, 0, 0, 0, 0, 7, 7, 7, 7, 7, 7, 0, 0
db 0, 0, 0, 0, 0, 0, 0, 0, 0, 3, 3, 3, 3, 3, 1, 0, 0, 0, 0, 0
db 0, 0, 0, 0, 0, 3, 3, 3, 3, 1, 0, 0, 0, 0, 0, 0, 0, 0, 0, 0
db 0, 0, 7, 7, 7, 7, 7, 7, 0, 0, 0, 0, 0, 0, 0, 0, 0, 0, 0, 1
db 3, 3, 3, 3, 1, 0, 0, 0, 0, 0, 0, 0, 0, 0, 0, 3, 3, 3, 3, 1
db 0, 0, 0, 0, 0, 0, 0, 0, 0, 0, 0, 0, 0, 7, 7, 7, 6, 0, 0, 0
db 0, 0, 0, 0, 0, 0, 0, 0, 0, 0, 3, 3, 3, 3, 1, 0, 0, 0, 0, 0
db 0, 0, 0, 0, 0, 3, 3, 3, 3, 1, 0, 0, 0, 0, 0, 0, 0, 0, 0, 0
db 0, 0, 0, 0, 1, 0, 0, 0, 0, 0, 0, 0, 0, 0, 0, 0, 0, 0, 0, 0
db 1, 3, 3, 3, 3, 0, 0, 0, 0, 0, 0, 0, 0, 0, 1, 3, 3, 3, 1, 0
db 0, 0, 0, 0, 0, 1, 3, 3, 3, 0, 0, 0, 0, 1, 1, 1, 1, 0, 0, 0
db 1, 3, 3, 3, 1, 0, 0, 0, 0, 0, 0, 1, 3, 3, 3, 0, 0, 0, 0, 0
db 0, 0, 0, 0, 1, 1, 3, 1, 0, 0, 0, 0, 0, 0, 1, 3, 3, 3, 3, 3
db 1, 0, 0, 1, 1, 1, 1, 0, 0, 1, 3, 3, 3, 3, 3, 1, 0, 0, 0, 0
db 0, 0, 1, 3, 1, 1, 0, 0, 0, 0, 7, 7, 4, 0, 0, 1, 3, 1, 0, 0
db 0, 0, 1, 3, 3, 3, 3, 3, 3, 3, 3, 3, 0, 0, 0, 0, 0, 1, 3, 3
db 3, 3, 3, 3, 3, 3, 3, 1, 0, 0, 0, 0, 1, 3, 1, 1, 0, 6, 7, 7
db 7, 7, 7, 0, 0, 1, 3, 1, 0, 0, 0, 0, 1, 3, 3, 3, 3, 3, 3, 3
db 3, 3, 1, 0, 0, 0, 0, 1, 3, 3, 1, 1, 3, 3, 3, 3, 3, 1, 0, 0
db 0, 0, 1, 3, 1, 1, 0, 7, 7, 7, 7, 7, 7, 0, 0, 1, 3, 1, 0, 0
db 0, 0, 1, 3, 3, 3, 3, 3, 3, 3, 3, 3, 3, 3, 3, 3, 3, 3, 3, 1
db 0, 0, 1, 3, 3, 3, 3, 1, 0, 0, 0, 0, 1, 3, 1, 0, 0, 7, 7, 7
db 7, 7, 0, 0, 0, 1, 3, 1, 0, 0, 0, 1, 3, 3, 3, 3, 3, 1, 1, 0
db 1, 1, 3, 3, 3, 3, 3, 3, 3, 1, 0, 0, 0, 1, 3, 3, 3, 3, 1, 0
db 0, 0, 1, 3, 1, 1, 0, 4, 7, 7, 0, 0, 0, 0, 1, 1, 3, 1, 0, 0
db 1, 3, 3, 3, 3, 3, 3, 1, 0, 0, 0, 0, 1, 3, 3, 3, 3, 3, 3, 3
db 3, 1, 0, 0, 0, 3, 3, 3, 3, 0, 0, 0, 1, 3, 3, 1, 0, 0, 0, 0
db 0, 0, 0, 0, 1, 3, 3, 1, 0, 0, 3, 3, 3, 3, 3, 1, 1, 6, 6, 4
db 0, 0, 0, 1, 3, 3, 3, 3, 3, 3, 3, 3, 0, 0, 0, 1, 3, 3, 3, 1
db 0, 0, 1, 3, 3, 1, 0, 0, 0, 0, 0, 0, 0, 0, 1, 3, 3, 1, 0, 0
db 3, 3, 3, 3, 1, 0, 0, 6, 7, 7, 3, 1, 0, 0, 0, 1, 3, 3, 3, 3
db 3, 3, 0, 0, 0, 1, 3, 3, 3, 1, 0, 0, 1, 3, 3, 1, 0, 0, 0, 0
db 0, 0, 0, 0, 1, 3, 3, 1, 0, 0, 3, 3, 3, 3, 0, 0, 0, 7, 7, 7
db 3, 3, 0, 0, 0, 1, 3, 3, 3, 3, 3, 3, 0, 0, 0, 1, 3, 3, 3, 1
db 0, 0, 1, 3, 3, 1, 0, 0, 0, 0, 0, 0, 0, 0, 1, 3, 3, 1, 0, 0
db 3, 3, 3, 3, 1, 0, 0, 0, 3, 3, 3, 3, 0, 0, 0, 1, 3, 3, 3, 3
db 3, 3, 0, 0, 0, 1, 3, 3, 3, 1, 0, 0, 1, 3, 3, 1, 0, 0, 0, 0
db 0, 0, 0, 0, 1, 3, 3, 1, 0, 0, 0, 1, 3, 3, 3, 1, 1, 0, 0, 0
db 0, 0, 0, 1, 1, 3, 3, 3, 3, 1, 1, 0, 0, 1, 1, 3, 3, 3, 1, 0
db 0, 0, 3, 3, 3, 1, 0, 0, 0, 0, 0, 0, 0, 0, 1, 1, 3, 1, 0, 0
db 0, 0, 1, 3, 3, 3, 3, 1, 0, 0, 0, 0, 1, 3, 3, 3, 3, 3, 3, 1
db 0, 0, 1, 3, 3, 3, 3, 1, 0, 0, 0, 0, 1, 3, 1, 1, 0, 0, 0, 0
db 7, 7, 0, 0, 0, 0, 1, 0, 0, 0, 0, 0, 1, 3, 3, 3, 3, 1, 1, 0
db 0, 1, 3, 3, 3, 3, 3, 3, 3, 1, 0, 0, 1, 3, 3, 3, 3, 1, 0, 0
db 0, 0, 0, 1, 0, 0, 0, 0, 6, 7, 7, 7, 7, 0, 0, 0, 0, 0, 0, 0
db 0, 0, 1, 3, 3, 3, 3, 3, 3, 3, 3, 3, 3, 3, 3, 3, 3, 3, 3, 3
db 3, 3, 3, 3, 3, 3, 3, 1, 0, 0, 0, 0, 0, 0, 0, 0, 0, 7, 7, 7
db 7, 7, 7, 0, 0, 0, 0, 0, 0, 0, 0, 0, 0, 1, 3, 3, 3, 3, 3, 3
db 3, 3, 3, 3, 3, 3, 3, 3, 3, 3, 3, 3, 3, 3, 3, 3, 1, 0, 0, 0
db 0, 0, 0, 0, 0, 0, 0, 7, 7, 7, 7, 7, 6, 0, 0, 1, 3, 3, 1, 0
db 0, 0, 0, 0, 0, 1, 3, 3, 3, 3, 3, 3, 3, 3, 3, 3, 3, 3, 3, 3
db 3, 3, 3, 3, 1, 0, 0, 0, 0, 0, 0, 1, 3, 3, 1, 0, 0, 7, 7, 7
db 4, 0, 0, 0, 1, 3, 3, 3, 3, 1, 0, 0, 0, 0, 0, 0, 0, 0, 1, 3
db 3, 3, 3, 3, 3, 3, 3, 3, 3, 3, 1, 0, 0, 0, 0, 0, 0, 0, 0, 0
db 3, 3, 3, 3, 3, 1, 0, 0, 0, 4, 0, 0, 0, 0, 0, 1, 3, 3, 3, 1
db 0, 0, 0, 0, 0, 0, 0, 0, 0, 0, 1, 3, 3, 3, 3, 3, 3, 3, 3, 1
db 0, 0, 0, 0, 0, 0, 0, 0, 0, 1, 3, 3, 3, 3, 1, 0, 0, 0, 0, 0
db 0, 0, 0, 0, 0, 0, 0, 0, 0, 1, 1, 3, 3, 1, 1, 0, 0, 0, 0, 0
db 0, 0, 0, 0, 0, 0, 0, 0, 0, 0, 0, 0, 0, 0, 0, 1, 3, 3, 3, 1
db 0, 0, 0, 0, 0, 0, 0, 0, 0, 0, 0, 0, 0, 0, 0, 0, 0, 0, 0, 1
db 3, 3, 3, 3, 1, 0, 0, 0, 0, 0, 0, 0, 0, 0, 0, 0, 0, 0, 0, 0
db 0, 0, 0, 0, 0, 3, 3, 3, 3, 1, 0, 0, 0, 0, 0, 0, 0, 0, 0, 0
db 0, 0, 0, 0, 0, 0, 1, 1, 1, 1, 3, 3, 3, 3, 1, 0, 0, 0, 1, 3
db 3, 1, 1, 1, 1, 1, 1, 3, 1, 1, 0, 0, 0, 0, 0, 3, 3, 3, 3, 3
db 1, 1, 1, 1, 1, 0, 0, 0, 0, 0, 0, 0, 0, 0, 1, 3, 3, 3, 3, 3
db 3, 3, 3, 3, 1, 0, 0, 0, 1, 3, 3, 3, 3, 3, 3, 3, 3, 3, 3, 1
db 0, 0, 0, 0, 0, 1, 3, 3, 3, 3, 3, 3, 3, 3, 3, 0, 0, 0, 0, 0
db 0, 0, 0, 0, 1, 3, 3, 3, 3, 3, 3, 3, 3, 3, 1, 0, 0, 0, 0, 1
db 1, 1, 1, 1, 1, 1, 1, 1, 1, 0, 0, 0, 0, 0, 0, 1, 3, 3, 3, 3
db 3, 3, 3, 3, 3, 0, 0, 0, 0, 0, 0, 0, 0, 0, 0, 1, 3, 3, 3, 3
db 3, 3, 3, 3, 3, 1, 0, 0, 0, 0, 0, 0, 0, 0, 0, 0, 0, 0, 0, 0
db 0, 0, 0, 1, 1, 3, 3, 3, 3, 3, 3, 3, 3, 3, 1, 0, 0, 0, 0, 0
db 0, 0, 0, 0, 0, 0, 1, 3, 3, 3, 3, 3, 3, 3, 3, 3, 3, 1, 0, 0
db 0, 0, 0, 0, 0, 0, 0, 0, 0, 0, 0, 0, 1, 3, 3, 3, 3, 3, 3, 3
db 3, 3, 1, 0, 0, 0, 0, 0, 0, 0, 0, 0, 0, 0, 0, 0, 0, 0, 1, 3
db 3, 3, 3, 3, 3, 3, 3, 1, 0, 0, 0, 0, 0, 0, 0, 0, 0, 0, 0, 0
db 0, 0, 1, 3, 3, 3, 3, 3, 3, 3, 3, 1, 0, 0, 0, 0, 0, 0, 0, 0
db 0, 0, 0, 0, 0, 0, 0, 0, 0, 0, 0, 0, 0, 0, 0, 0, 0, 0, 0, 0
db 0, 0, 0, 0, 0, 0, 0, 0, 0, 0, 0, 0, 0, 0, 0, 0, 0, 0, 0, 0
db 0, 0, 0, 0, 0, 0, 0, 0, 0, 0, 0, 0, 0, 0, 0, 0, 0, 0, 0, 0
db 0, 0, 0, 0, 0, 0, 0, 0, 0, 0, 0, 0, 0, 0, 0, 0, 0, 0, 0, 0
db 0, 0, 0, 0, 0, 0, 0, 0, 0, 0, 0, 0, 0, 0, 0, 0, 0, 0, 0, 0