DB 245, 245, 245, 245, 245, 245, 245, 245, 245, 245, 245, 245, 245, 245, 245, 245, 245, 245, 245, 245
DB 245, 245, 245, 245, 245, 245, 245, 245, 245, 245, 245, 245, 245, 245, 245, 245, 245, 245, 245, 245
DB 245, 245, 245, 245, 245, 245, 245, 245, 245, 245, 245, 245, 245, 245, 245, 245, 245, 245, 245, 245
DB 245, 245, 245, 245, 245, 245, 245, 245, 245, 245, 245, 245, 245, 245, 245, 245, 245, 245, 245, 245
DB 245, 245, 245, 245, 245, 245, 245, 245, 245, 245, 245, 245, 245, 245, 245, 245, 245, 244, 245, 245
DB 245, 245, 245, 245, 245, 245, 245, 245, 245, 245, 245, 245, 245, 245, 245, 245, 245, 245, 245, 245
DB 245, 245, 245, 245, 245, 245, 245, 245, 245, 245, 245, 245, 245, 245, 245, 245, 245, 245, 245, 245
DB 245, 245, 245, 245, 245, 245, 245, 245, 245, 245, 245, 245, 245, 245, 245, 245, 245, 245, 245, 245
DB 245, 245, 245, 245, 245, 245, 245, 245, 245, 18, 18, 18, 18, 18, 18, 18, 18, 246, 245, 245
DB 245, 245, 245, 245, 245, 245, 245, 245, 245, 245, 245, 245, 245, 245, 245, 245, 245, 245, 245, 245
DB 245, 245, 245, 245, 245, 245, 245, 245, 245, 245, 245, 245, 245, 245, 245, 245, 245, 245, 222, 17
DB 0, 0, 0, 0, 0, 17, 17, 222, 245, 245, 245, 245, 245, 245, 245, 245, 245, 245, 245, 245
DB 245, 245, 245, 245, 245, 245, 245, 245, 245, 245, 245, 245, 245, 245, 245, 245, 245, 245, 245, 245
DB 245, 245, 245, 18, 18, 222, 245, 222, 17, 0, 17, 126, 127, 0, 199, 126, 126, 18, 18, 246
DB 245, 245, 245, 245, 245, 245, 245, 245, 245, 245, 245, 245, 245, 245, 245, 245, 245, 245, 245, 245
DB 245, 245, 245, 245, 245, 245, 245, 245, 245, 245, 245, 245, 222, 18, 18, 18, 18, 17, 0, 198
DB 126, 55, 148, 24, 23, 125, 198, 0, 17, 18, 245, 245, 245, 245, 245, 245, 245, 245, 245, 245
DB 245, 245, 245, 245, 245, 245, 245, 245, 245, 245, 245, 245, 245, 245, 245, 245, 245, 245, 245, 245
DB 245, 18, 18, 24, 25, 18, 17, 17, 198, 54, 55, 126, 7, 15, 29, 20, 0, 0, 0, 17
DB 18, 246, 245, 245, 245, 245, 245, 245, 245, 245, 245, 245, 245, 245, 245, 245, 245, 245, 245, 245
DB 245, 245, 245, 245, 245, 245, 245, 245, 245, 245, 18, 18, 128, 29, 15, 7, 18, 0, 199, 55
DB 126, 17, 138, 29, 27, 20, 17, 17, 198, 199, 17, 18, 246, 245, 245, 245, 245, 245, 245, 245
DB 245, 245, 245, 245, 245, 245, 245, 245, 245, 245, 245, 245, 245, 245, 245, 245, 245, 245, 245, 18
DB 17, 199, 54, 77, 15, 15, 28, 235, 0, 17, 17, 0, 17, 210, 151, 124, 54, 54, 54, 54
DB 126, 17, 18, 246, 245, 245, 245, 245, 245, 245, 245, 245, 245, 245, 245, 245, 245, 245, 245, 245
DB 245, 245, 245, 245, 245, 245, 245, 245, 245, 18, 0, 199, 126, 54, 101, 15, 15, 28, 235, 0
DB 0, 199, 17, 0, 199, 54, 53, 53, 53, 53, 54, 126, 17, 18, 222, 245, 245, 245, 245, 245
DB 245, 245, 245, 245, 245, 245, 245, 245, 245, 245, 245, 245, 245, 245, 245, 245, 245, 245, 245, 18
DB 0, 0, 0, 127, 54, 101, 15, 15, 28, 210, 176, 126, 126, 0, 199, 125, 54, 54, 54, 54
DB 53, 54, 126, 0, 18, 246, 245, 245, 245, 245, 245, 245, 245, 245, 245, 245, 245, 245, 245, 245
DB 245, 245, 245, 245, 245, 245, 245, 222, 18, 17, 0, 0, 0, 0, 127, 54, 102, 15, 15, 89
DB 23, 150, 125, 125, 126, 198, 198, 198, 199, 126, 54, 53, 54, 126, 17, 18, 222, 245, 245, 245
DB 245, 245, 245, 245, 245, 245, 245, 245, 245, 245, 245, 245, 245, 245, 245, 245, 246, 18, 0, 0
DB 0, 0, 0, 0, 0, 127, 54, 77, 15, 15, 27, 234, 199, 126, 125, 198, 17, 17, 17, 198
DB 126, 3, 54, 54, 126, 198, 18, 222, 245, 245, 245, 245, 245, 245, 245, 245, 245, 245, 245, 245
DB 245, 245, 245, 245, 245, 222, 18, 17, 0, 0, 0, 0, 0, 0, 0, 0, 17, 54, 11, 11
DB 79, 17, 0, 17, 126, 125, 125, 55, 54, 55, 126, 199, 199, 197, 54, 125, 198, 17, 222, 245
DB 245, 245, 245, 245, 245, 245, 245, 245, 245, 245, 245, 245, 245, 245, 222, 18, 0, 0, 17, 198
DB 198, 17, 0, 0, 0, 0, 0, 127, 55, 54, 55, 127, 0, 0, 199, 54, 53, 53, 53, 55
DB 199, 0, 0, 17, 55, 54, 125, 199, 17, 222, 245, 245, 245, 245, 245, 245, 245, 245, 245, 245
DB 245, 245, 245, 222, 17, 0, 0, 198, 55, 54, 55, 198, 0, 0, 0, 0, 0, 0, 176, 199
DB 127, 125, 198, 0, 199, 54, 53, 54, 55, 198, 0, 17, 198, 126, 126, 126, 125, 125, 198, 17
DB 18, 245, 245, 245, 245, 245, 245, 245, 245, 245, 245, 245, 222, 18, 0, 0, 199, 54, 54, 54
DB 126, 199, 0, 0, 0, 0, 0, 0, 0, 0, 17, 198, 126, 126, 126, 54, 54, 126, 198, 223
DB 162, 24, 23, 125, 126, 127, 126, 125, 126, 198, 18, 18, 245, 245, 245, 245, 245, 245, 245, 245
DB 245, 222, 17, 0, 0, 0, 55, 53, 54, 125, 17, 0, 0, 0, 0, 0, 0, 0, 0, 0
DB 0, 0, 197, 54, 54, 54, 126, 0, 17, 148, 99, 15, 25, 18, 126, 55, 126, 126, 54, 54
DB 198, 17, 18, 245, 245, 245, 245, 245, 245, 245, 18, 17, 0, 0, 0, 54, 53, 54, 125, 23
DB 24, 211, 0, 0, 0, 0, 0, 198, 126, 126, 198, 198, 125, 54, 54, 54, 198, 0, 17, 54
DB 76, 30, 164, 0, 126, 54, 198, 17, 54, 53, 54, 198, 17, 18, 246, 245, 245, 245, 245, 245
DB 0, 0, 17, 197, 54, 53, 54, 198, 17, 164, 89, 24, 18, 0, 0, 0, 0, 125, 54, 54
DB 54, 55, 55, 54, 54, 54, 126, 17, 17, 125, 3, 3, 222, 17, 126, 54, 126, 17, 126, 54
DB 54, 54, 199, 17, 18, 245, 245, 245, 245, 245, 0, 199, 125, 54, 53, 54, 126, 0, 0, 186
DB 162, 9, 54, 198, 0, 0, 0, 125, 54, 54, 54, 126, 126, 54, 54, 54, 54, 125, 197, 17
DB 17, 17, 198, 125, 54, 54, 54, 126, 0, 197, 54, 54, 198, 0, 17, 18, 246, 245, 245, 245
DB 0, 198, 54, 53, 54, 126, 0, 0, 0, 0, 199, 54, 54, 125, 17, 0, 0, 125, 54, 54
DB 125, 17, 17, 54, 54, 54, 54, 54, 125, 17, 0, 0, 126, 54, 54, 54, 54, 54, 0, 0
DB 126, 125, 198, 0, 0, 17, 18, 246, 245, 245, 0, 17, 197, 126, 198, 0, 0, 198, 125, 125
DB 126, 54, 54, 126, 17, 0, 0, 125, 54, 54, 125, 17, 0, 125, 54, 54, 54, 54, 54, 125
DB 126, 126, 55, 54, 54, 54, 54, 54, 199, 0, 0, 198, 125, 54, 55, 126, 17, 18, 222, 245
DB 0, 0, 0, 0, 0, 0, 17, 125, 54, 54, 54, 54, 54, 126, 0, 0, 0, 126, 54, 54
DB 54, 126, 17, 198, 125, 54, 54, 54, 54, 54, 54, 54, 54, 54, 54, 54, 54, 126, 17, 0
DB 0, 197, 54, 54, 54, 54, 126, 17, 18, 222, 0, 0, 0, 0, 0, 0, 0, 126, 54, 53
DB 54, 54, 54, 126, 0, 0, 0, 0, 198, 54, 54, 54, 198, 0, 198, 125, 54, 54, 54, 54
DB 54, 54, 54, 54, 54, 54, 126, 17, 0, 0, 126, 54, 54, 54, 54, 54, 54, 125, 17, 17
DB 0, 0, 0, 20, 164, 211, 0, 17, 126, 54, 54, 53, 54, 198, 0, 0, 0, 0, 199, 54
DB 53, 53, 125, 198, 17, 198, 197, 126, 125, 54, 54, 54, 54, 54, 54, 54, 126, 0, 0, 17
DB 54, 54, 54, 54, 54, 54, 54, 54, 198, 0, 0, 0, 17, 23, 30, 28, 235, 0, 0, 126
DB 54, 53, 54, 126, 17, 0, 0, 0, 17, 125, 54, 54, 54, 54, 126, 17, 0, 0, 198, 55
DB 54, 54, 54, 54, 54, 54, 126, 0, 0, 0, 125, 54, 54, 54, 54, 54, 54, 54, 198, 0
DB 18, 17, 0, 150, 77, 15, 27, 211, 0, 0, 126, 54, 53, 54, 126, 17, 0, 0, 0, 199
DB 126, 54, 53, 53, 54, 125, 198, 198, 126, 54, 54, 54, 54, 54, 54, 126, 17, 0, 0, 0
DB 17, 126, 54, 54, 54, 54, 53, 54, 198, 0, 246, 18, 17, 199, 54, 76, 30, 24, 17, 0
DB 0, 125, 54, 53, 54, 198, 0, 0, 0, 0, 199, 125, 54, 54, 54, 54, 54, 54, 54, 54
DB 54, 54, 54, 54, 126, 0, 0, 0, 0, 0, 0, 199, 125, 54, 54, 54, 54, 125, 199, 0
DB 245, 246, 18, 17, 199, 54, 77, 24, 17, 0, 0, 0, 126, 54, 54, 197, 0, 0, 0, 0
DB 0, 199, 198, 198, 125, 54, 53, 53, 53, 54, 125, 126, 126, 198, 17, 0, 0, 17, 125, 126
DB 17, 17, 125, 54, 54, 54, 126, 199, 0, 0, 245, 245, 245, 222, 17, 198, 55, 126, 17, 0
DB 0, 0, 0, 127, 55, 125, 198, 0, 0, 0, 0, 0, 0, 0, 199, 125, 54, 54, 54, 54
DB 198, 0, 0, 0, 0, 0, 0, 126, 54, 54, 197, 199, 55, 54, 54, 126, 17, 0, 0, 17
DB 245, 245, 245, 245, 222, 18, 199, 199, 0, 0, 0, 0, 0, 0, 126, 54, 54, 198, 0, 0
DB 0, 0, 0, 0, 0, 17, 198, 198, 198, 198, 17, 0, 0, 0, 0, 0, 197, 54, 53, 54
DB 126, 198, 54, 54, 125, 17, 0, 0, 18, 18, 245, 245, 245, 245, 245, 222, 17, 0, 0, 0
DB 17, 8, 138, 185, 17, 126, 54, 125, 126, 126, 198, 0, 0, 0, 0, 0, 0, 0, 0, 0
DB 0, 0, 0, 0, 0, 126, 54, 54, 54, 125, 17, 199, 126, 126, 199, 0, 0, 18, 222, 245
DB 245, 245, 245, 245, 245, 245, 222, 18, 0, 0, 17, 27, 30, 24, 17, 0, 199, 55, 54, 54
DB 125, 198, 0, 0, 0, 0, 0, 0, 0, 0, 0, 0, 0, 0, 126, 54, 54, 54, 126, 0
DB 0, 0, 17, 0, 0, 0, 18, 246, 245, 245, 245, 245, 245, 245, 245, 245, 245, 222, 18, 17
DB 0, 9, 101, 30, 23, 17, 0, 198, 125, 125, 126, 126, 125, 125, 198, 0, 17, 126, 125, 126
DB 0, 0, 17, 125, 54, 53, 54, 126, 0, 0, 0, 0, 0, 0, 17, 18, 222, 245, 245, 245
DB 245, 245, 245, 245, 245, 245, 245, 245, 246, 18, 0, 127, 53, 100, 29, 137, 0, 0, 0, 0
DB 198, 54, 53, 53, 125, 17, 198, 54, 53, 54, 198, 0, 198, 54, 53, 54, 126, 17, 0, 0
DB 0, 0, 0, 17, 18, 246, 245, 245, 245, 245, 245, 245, 245, 245, 245, 245, 245, 245, 245, 222
DB 18, 17, 126, 78, 78, 150, 0, 0, 0, 0, 199, 54, 53, 53, 125, 17, 198, 54, 53, 54
DB 54, 126, 126, 126, 125, 126, 17, 0, 17, 18, 18, 18, 18, 18, 222, 245, 245, 245, 245, 245
DB 245, 245, 245, 245, 245, 245, 245, 245, 245, 245, 245, 18, 17, 126, 55, 126, 0, 0, 0, 0
DB 17, 125, 54, 54, 126, 17, 198, 54, 54, 54, 54, 54, 126, 0, 0, 0, 0, 17, 18, 245
DB 245, 245, 245, 245, 245, 245, 245, 245, 245, 245, 245, 245, 245, 245, 245, 245, 245, 245, 245, 245
DB 245, 246, 18, 17, 199, 199, 0, 0, 0, 0, 0, 17, 198, 198, 198, 126, 55, 54, 54, 54
DB 54, 54, 125, 0, 0, 0, 17, 18, 246, 245, 245, 245, 245, 245, 245, 245, 245, 245, 245, 245
DB 245, 245, 245, 245, 245, 245, 245, 245, 245, 245, 245, 245, 245, 18, 17, 0, 0, 0, 18, 236
DB 210, 0, 0, 0, 198, 54, 54, 54, 54, 54, 54, 54, 126, 0, 0, 0, 18, 245, 245, 245
DB 245, 245, 245, 245, 245, 245, 245, 245, 245, 245, 245, 245, 245, 245, 245, 245, 245, 245, 245, 245
DB 245, 245, 245, 246, 18, 17, 0, 0, 20, 27, 28, 236, 0, 0, 198, 54, 54, 54, 54, 54
DB 54, 54, 125, 0, 0, 0, 18, 245, 245, 245, 245, 245, 245, 245, 245, 245, 245, 245, 245, 245
DB 245, 245, 245, 245, 245, 245, 245, 245, 245, 245, 245, 245, 245, 245, 245, 18, 17, 0, 223, 78
DB 15, 29, 137, 0, 0, 127, 55, 54, 54, 54, 54, 54, 125, 0, 0, 0, 18, 245, 245, 245
DB 245, 245, 245, 245, 245, 245, 245, 245, 245, 245, 245, 245, 245, 245, 245, 245, 245, 245, 245, 245
DB 245, 245, 245, 245, 245, 245, 222, 17, 17, 125, 77, 15, 28, 208, 0, 0, 126, 54, 54, 54
DB 54, 54, 125, 0, 0, 0, 18, 245, 245, 245, 245, 245, 245, 245, 245, 245, 245, 245, 245, 245
DB 245, 245, 245, 245, 245, 245, 245, 245, 245, 245, 245, 245, 245, 245, 245, 245, 245, 18, 17, 199
DB 54, 77, 103, 246, 0, 0, 197, 54, 53, 54, 54, 125, 198, 0, 0, 17, 222, 245, 245, 245
DB 245, 245, 245, 245, 245, 245, 245, 245, 245, 245, 245, 245, 245, 245, 245, 245, 245, 245, 245, 245
DB 245, 245, 245, 245, 245, 245, 245, 245, 222, 17, 198, 55, 54, 198, 0, 0, 198, 54, 54, 54
DB 126, 17, 0, 0, 18, 222, 245, 245, 245, 245, 245, 245, 245, 245, 245, 245, 245, 245, 245, 245
DB 245, 245, 245, 245, 245, 245, 245, 245, 245, 245, 245, 245, 245, 245, 245, 245, 245, 245, 245, 222
DB 18, 199, 198, 17, 0, 0, 17, 198, 126, 126, 17, 0, 17, 18, 222, 245, 245, 245, 245, 245
DB 245, 245, 245, 245, 245, 245, 245, 245, 245, 245, 245, 245, 245, 245, 245, 245, 245, 245, 245, 245
DB 245, 245, 245, 245, 245, 245, 245, 245, 245, 245, 222, 17, 0, 0, 0, 0, 0, 0, 0, 0
DB 0, 0, 18, 246, 245, 245, 245, 245, 245, 245, 245, 245, 245, 245, 245, 245, 245, 245, 245, 245
DB 245, 245, 245, 245, 245, 245, 245, 245, 245, 245, 245, 245, 245, 245, 245, 245, 245, 245, 245, 245
DB 245, 222, 18, 17, 0, 0, 0, 0, 0, 0, 17, 18, 222, 245, 245, 245, 245, 245, 245, 245
DB 245, 245, 245, 245, 245, 245, 245, 245, 245, 245, 245, 245, 245, 245, 245, 245, 245, 245, 245, 245
DB 245, 245, 245, 245, 245, 245, 245, 245, 245, 245, 245, 245, 222, 17, 0, 0, 0, 0, 0, 0
DB 17, 222, 245, 245, 245, 245, 245, 245, 245, 245, 245, 245, 245, 245, 245, 245, 245, 245, 245, 245