DB 245, 245, 245, 245, 245, 245, 245, 245, 245, 245, 245, 245, 245, 245, 245, 245, 245, 245, 245, 245
DB 245, 245, 245, 245, 245, 245, 245, 245, 245, 245, 245, 245, 245, 245, 245, 245, 245, 245, 245, 245
DB 245, 245, 245, 245, 245, 245, 245, 245, 245, 245, 245, 245, 245, 245, 245, 245, 245, 245, 245, 245
DB 245, 245, 245, 245, 245, 245, 245, 245, 245, 245, 245, 245, 245, 245, 245, 245, 245, 245, 245, 245
DB 245, 245, 245, 245, 245, 245, 245, 245, 245, 245, 245, 245, 245, 245, 245, 245, 245, 245, 245, 245
DB 245, 245, 245, 245, 245, 245, 245, 245, 245, 245, 245, 245, 245, 245, 245, 245, 245, 245, 245, 245
DB 245, 245, 245, 245, 245, 245, 245, 245, 245, 245, 245, 245, 245, 245, 245, 245, 245, 245, 245, 245
DB 245, 245, 245, 245, 245, 245, 245, 245, 245, 245, 245, 245, 245, 245, 245, 245, 245, 245, 245, 245
DB 245, 245, 245, 245, 245, 245, 245, 245, 245, 245, 245, 245, 222, 17, 0, 0, 0, 0, 0, 0
DB 17, 222, 245, 245, 245, 245, 245, 245, 245, 245, 245, 245, 245, 245, 245, 245, 245, 245, 245, 245
DB 245, 245, 245, 245, 245, 245, 245, 245, 245, 245, 245, 245, 245, 245, 245, 245, 245, 245, 245, 245
DB 245, 245, 19, 210, 185, 0, 17, 186, 185, 0, 17, 222, 245, 245, 245, 245, 245, 245, 245, 245
DB 245, 245, 245, 245, 245, 245, 245, 245, 245, 245, 245, 245, 245, 245, 245, 245, 245, 245, 245, 245
DB 245, 245, 245, 245, 245, 245, 245, 245, 245, 245, 246, 18, 208, 6, 6, 208, 209, 6, 114, 185
DB 0, 17, 18, 246, 222, 18, 18, 245, 245, 245, 245, 245, 245, 245, 245, 245, 245, 245, 245, 245
DB 245, 245, 245, 245, 245, 245, 245, 245, 245, 245, 245, 245, 245, 245, 245, 245, 245, 245, 245, 245
DB 18, 17, 0, 185, 162, 27, 25, 114, 6, 114, 185, 0, 17, 18, 245, 23, 244, 222, 245, 245
DB 245, 245, 245, 245, 245, 245, 245, 245, 245, 245, 245, 245, 245, 245, 245, 245, 245, 245, 245, 245
DB 245, 245, 245, 245, 245, 245, 245, 245, 246, 18, 17, 0, 0, 0, 22, 15, 7, 18, 113, 6
DB 113, 0, 17, 18, 25, 15, 7, 18, 18, 245, 245, 245, 245, 245, 245, 245, 245, 245, 245, 245
DB 245, 245, 245, 245, 245, 245, 245, 245, 245, 245, 245, 245, 245, 245, 245, 245, 245, 246, 18, 208
DB 114, 114, 113, 185, 138, 24, 149, 17, 0, 185, 184, 0, 0, 24, 15, 15, 89, 137, 18, 18
DB 245, 245, 245, 245, 245, 245, 245, 245, 245, 245, 245, 245, 245, 245, 245, 245, 245, 245, 245, 245
DB 245, 245, 245, 245, 245, 245, 246, 18, 186, 6, 42, 42, 42, 42, 6, 17, 0, 17, 0, 0
DB 0, 17, 24, 15, 15, 30, 65, 6, 184, 17, 18, 245, 245, 245, 245, 245, 245, 245, 245, 245
DB 245, 245, 245, 245, 245, 245, 245, 245, 245, 245, 245, 245, 245, 245, 245, 222, 18, 186, 6, 42
DB 42, 42, 42, 42, 6, 0, 185, 6, 112, 0, 17, 25, 15, 15, 90, 12, 6, 185, 0, 0
DB 18, 245, 245, 245, 245, 245, 245, 245, 245, 245, 245, 245, 245, 245, 245, 245, 245, 245, 245, 245
DB 245, 245, 245, 245, 246, 18, 186, 6, 42, 6, 114, 114, 6, 6, 114, 185, 113, 6, 113, 20
DB 27, 15, 15, 30, 12, 4, 184, 0, 0, 0, 18, 245, 245, 245, 245, 245, 245, 245, 245, 245
DB 245, 245, 245, 245, 245, 245, 245, 245, 245, 245, 245, 245, 245, 222, 18, 209, 41, 42, 6, 186
DB 0, 0, 0, 0, 186, 6, 113, 184, 20, 28, 15, 15, 30, 12, 113, 0, 0, 0, 0, 0
DB 17, 18, 222, 245, 245, 245, 245, 245, 245, 245, 245, 245, 245, 245, 245, 245, 245, 245, 245, 245
DB 245, 245, 222, 18, 113, 6, 6, 114, 113, 113, 186, 185, 17, 185, 113, 113, 184, 0, 244, 28
DB 30, 91, 64, 113, 0, 0, 0, 0, 0, 0, 0, 0, 18, 246, 245, 245, 245, 245, 245, 245
DB 245, 245, 245, 245, 245, 245, 245, 245, 245, 245, 245, 222, 18, 113, 6, 113, 0, 0, 185, 6
DB 41, 41, 6, 6, 114, 17, 0, 0, 185, 6, 42, 42, 113, 0, 0, 0, 0, 0, 0, 0
DB 0, 0, 17, 18, 222, 245, 245, 245, 245, 245, 245, 245, 245, 245, 245, 245, 245, 245, 245, 245
DB 222, 18, 113, 6, 114, 114, 185, 0, 0, 185, 6, 42, 42, 42, 114, 0, 0, 186, 113, 113
DB 4, 113, 184, 0, 0, 0, 0, 17, 113, 114, 114, 185, 0, 0, 18, 222, 245, 245, 245, 245
DB 245, 245, 245, 245, 245, 245, 245, 245, 245, 18, 18, 114, 6, 114, 186, 113, 114, 209, 17, 0
DB 185, 6, 42, 42, 6, 17, 185, 114, 113, 17, 0, 0, 0, 0, 0, 0, 0, 0, 113, 41
DB 41, 6, 186, 0, 0, 17, 222, 245, 245, 245, 245, 245, 245, 245, 245, 245, 245, 245, 18, 18
DB 114, 114, 113, 113, 113, 184, 235, 7, 27, 139, 184, 17, 114, 41, 41, 6, 186, 17, 0, 0
DB 0, 0, 0, 0, 0, 0, 0, 0, 0, 184, 41, 42, 6, 185, 0, 0, 18, 222, 245, 245
DB 245, 245, 245, 245, 245, 245, 245, 18, 17, 6, 6, 185, 0, 113, 113, 0, 198, 103, 15, 66
DB 113, 0, 0, 6, 42, 41, 114, 0, 0, 0, 0, 17, 0, 0, 0, 0, 0, 0, 17, 223
DB 6, 42, 42, 6, 185, 0, 0, 17, 222, 245, 245, 245, 245, 245, 245, 246, 18, 18, 6, 42
DB 6, 185, 0, 113, 113, 0, 17, 23, 66, 43, 6, 0, 0, 114, 42, 42, 6, 114, 113, 114
DB 6, 6, 186, 0, 0, 0, 0, 223, 7, 103, 22, 113, 41, 42, 6, 185, 0, 0, 17, 18
DB 245, 245, 245, 245, 245, 18, 17, 114, 42, 42, 6, 185, 185, 114, 6, 113, 17, 185, 114, 114
DB 186, 17, 186, 6, 41, 41, 6, 6, 6, 41, 42, 42, 114, 0, 0, 0, 0, 160, 29, 102
DB 151, 0, 185, 41, 42, 6, 186, 0, 0, 0, 245, 245, 245, 246, 18, 17, 0, 6, 42, 6
DB 185, 186, 6, 41, 41, 41, 114, 17, 0, 0, 0, 113, 6, 6, 41, 41, 113, 17, 186, 6
DB 42, 42, 114, 0, 0, 0, 113, 6, 20, 222, 17, 0, 0, 186, 6, 42, 42, 6, 17, 0
DB 245, 245, 246, 18, 17, 185, 186, 114, 114, 17, 0, 114, 42, 42, 42, 42, 41, 186, 0, 0
DB 185, 6, 41, 41, 42, 41, 186, 0, 0, 6, 42, 42, 114, 0, 0, 17, 6, 6, 185, 0
DB 17, 0, 0, 0, 186, 6, 42, 6, 185, 0, 245, 222, 18, 18, 6, 41, 6, 113, 17, 0
DB 0, 114, 41, 42, 41, 41, 41, 6, 114, 114, 6, 41, 41, 41, 41, 6, 186, 0, 17, 6
DB 42, 42, 114, 0, 0, 17, 114, 41, 6, 6, 6, 114, 17, 0, 0, 185, 185, 17, 0, 0
DB 222, 18, 186, 6, 41, 42, 41, 6, 113, 0, 0, 0, 113, 6, 6, 6, 6, 41, 41, 41
DB 41, 42, 42, 42, 6, 186, 185, 186, 6, 6, 6, 113, 185, 0, 0, 0, 113, 41, 41, 42
DB 42, 41, 186, 0, 0, 0, 0, 0, 0, 0, 17, 17, 6, 42, 41, 41, 41, 42, 42, 114
DB 0, 0, 0, 113, 41, 41, 6, 6, 41, 41, 41, 41, 42, 41, 114, 0, 185, 6, 42, 41
DB 186, 0, 0, 0, 0, 0, 186, 6, 41, 42, 42, 6, 185, 0, 0, 17, 0, 0, 0, 0
DB 0, 185, 6, 42, 41, 6, 41, 42, 42, 6, 0, 0, 0, 113, 41, 41, 6, 6, 41, 41
DB 6, 113, 185, 185, 17, 185, 114, 41, 42, 42, 113, 0, 0, 0, 0, 0, 186, 41, 42, 42
DB 6, 185, 0, 17, 173, 23, 18, 0, 0, 0, 0, 185, 6, 42, 41, 6, 41, 41, 6, 186
DB 0, 0, 0, 186, 6, 41, 41, 41, 41, 41, 6, 17, 0, 0, 185, 6, 42, 42, 42, 6
DB 186, 0, 0, 0, 0, 17, 114, 41, 42, 6, 184, 0, 17, 24, 30, 28, 235, 0, 0, 0
DB 0, 186, 6, 42, 41, 41, 6, 114, 185, 0, 0, 0, 0, 17, 113, 41, 42, 42, 41, 41
DB 6, 114, 113, 113, 6, 42, 42, 42, 6, 113, 17, 0, 0, 0, 186, 6, 42, 41, 114, 17
DB 0, 197, 78, 15, 30, 64, 186, 0, 17, 18, 0, 17, 114, 41, 42, 42, 6, 185, 0, 0
DB 0, 0, 0, 0, 17, 114, 6, 6, 6, 41, 42, 42, 42, 42, 41, 6, 6, 6, 113, 0
DB 0, 0, 0, 0, 6, 42, 42, 6, 17, 0, 0, 8, 30, 15, 65, 113, 0, 17, 18, 246
DB 0, 0, 17, 114, 41, 42, 41, 185, 0, 185, 114, 186, 0, 0, 0, 17, 185, 185, 186, 6
DB 42, 42, 42, 42, 6, 186, 185, 185, 17, 0, 0, 0, 0, 17, 6, 42, 6, 185, 0, 0
DB 0, 210, 65, 65, 114, 17, 17, 18, 246, 245, 17, 0, 0, 0, 114, 42, 41, 186, 0, 113
DB 42, 6, 186, 0, 0, 0, 0, 0, 0, 113, 6, 6, 6, 6, 113, 0, 0, 0, 0, 0
DB 0, 0, 17, 113, 6, 114, 185, 0, 0, 0, 0, 17, 113, 113, 17, 17, 222, 245, 245, 245
DB 18, 18, 0, 0, 0, 6, 41, 186, 0, 113, 42, 42, 6, 185, 0, 0, 0, 0, 0, 0
DB 0, 0, 0, 0, 0, 0, 0, 0, 0, 0, 0, 0, 114, 6, 113, 0, 0, 0, 0, 0
DB 0, 0, 0, 0, 18, 222, 245, 245, 245, 245, 245, 222, 18, 0, 0, 185, 113, 185, 0, 17
DB 114, 42, 42, 6, 185, 0, 0, 0, 0, 0, 0, 0, 0, 0, 0, 0, 0, 0, 0, 186
DB 113, 114, 6, 114, 17, 0, 222, 174, 19, 0, 0, 0, 0, 17, 222, 245, 245, 245, 245, 245
DB 245, 245, 246, 18, 0, 0, 0, 0, 0, 0, 0, 113, 41, 42, 6, 186, 0, 0, 0, 0
DB 0, 0, 0, 0, 0, 0, 0, 0, 186, 6, 42, 41, 113, 0, 0, 244, 27, 29, 22, 0
DB 0, 0, 18, 222, 245, 245, 245, 245, 245, 245, 245, 245, 245, 222, 18, 17, 0, 0, 0, 0
DB 0, 0, 113, 41, 42, 42, 114, 0, 0, 186, 6, 6, 185, 0, 0, 186, 114, 114, 114, 114
DB 6, 114, 17, 0, 149, 102, 15, 89, 137, 0, 17, 18, 222, 245, 245, 245, 245, 245, 245, 245
DB 245, 245, 245, 245, 246, 18, 17, 0, 0, 0, 0, 0, 0, 113, 42, 42, 6, 185, 17, 6
DB 42, 42, 113, 0, 17, 6, 42, 42, 6, 17, 0, 0, 0, 200, 28, 15, 90, 6, 184, 0
DB 18, 246, 245, 245, 245, 245, 245, 245, 245, 245, 245, 245, 245, 245, 245, 222, 18, 18, 18, 18
DB 18, 17, 0, 0, 186, 114, 113, 113, 114, 41, 42, 42, 113, 0, 17, 6, 42, 42, 6, 17
DB 0, 0, 0, 18, 65, 66, 6, 185, 17, 18, 222, 245, 245, 245, 245, 245, 245, 245, 245, 245
DB 245, 245, 245, 245, 245, 245, 245, 245, 245, 245, 245, 18, 17, 0, 0, 0, 0, 114, 41, 41
DB 41, 41, 114, 17, 185, 114, 6, 6, 113, 0, 0, 0, 0, 0, 114, 6, 185, 17, 18, 245
DB 245, 245, 245, 245, 245, 245, 245, 245, 245, 245, 245, 245, 245, 245, 245, 245, 245, 245, 245, 245
DB 245, 246, 18, 17, 0, 0, 0, 114, 41, 41, 6, 6, 41, 6, 114, 185, 17, 17, 0, 0
DB 0, 0, 0, 0, 0, 17, 17, 18, 246, 245, 245, 245, 245, 245, 245, 245, 245, 245, 245, 245
DB 245, 245, 245, 245, 245, 245, 245, 245, 245, 245, 245, 245, 245, 18, 0, 0, 0, 114, 41, 41
DB 6, 6, 42, 42, 6, 17, 0, 0, 17, 245, 247, 17, 0, 0, 0, 17, 18, 245, 245, 245
DB 245, 245, 245, 245, 245, 245, 245, 245, 245, 245, 245, 245, 245, 245, 245, 245, 245, 245, 245, 245
DB 245, 245, 245, 18, 0, 0, 0, 114, 41, 41, 6, 41, 42, 42, 6, 17, 0, 17, 23, 28
DB 24, 17, 0, 0, 17, 18, 246, 245, 245, 245, 245, 245, 245, 245, 245, 245, 245, 245, 245, 245
DB 245, 245, 245, 245, 245, 245, 245, 245, 245, 245, 245, 245, 245, 18, 0, 0, 0, 6, 42, 41
DB 41, 41, 6, 114, 185, 0, 198, 24, 30, 30, 24, 17, 0, 17, 18, 245, 245, 245, 245, 245
DB 245, 245, 245, 245, 245, 245, 245, 245, 245, 245, 245, 245, 245, 245, 245, 245, 245, 245, 245, 245
DB 245, 245, 245, 18, 0, 0, 0, 114, 41, 41, 41, 41, 114, 17, 0, 0, 24, 15, 15, 65
DB 113, 0, 17, 222, 245, 245, 245, 245, 245, 245, 245, 245, 245, 245, 245, 245, 245, 245, 245, 245
DB 245, 245, 245, 245, 245, 245, 245, 245, 245, 245, 245, 245, 245, 222, 17, 0, 0, 185, 6, 41
DB 42, 42, 114, 0, 0, 0, 24, 91, 66, 114, 17, 17, 18, 245, 245, 245, 245, 245, 245, 245
DB 245, 245, 245, 245, 245, 245, 245, 245, 245, 245, 245, 245, 245, 245, 245, 245, 245, 245, 245, 245
DB 245, 245, 245, 245, 222, 18, 0, 0, 17, 114, 42, 42, 114, 17, 0, 0, 114, 6, 6, 17
DB 17, 222, 245, 245, 245, 245, 245, 245, 245, 245, 245, 245, 245, 245, 245, 245, 245, 245, 245, 245
DB 245, 245, 245, 245, 245, 245, 245, 245, 245, 245, 245, 245, 245, 245, 245, 222, 18, 17, 0, 17
DB 186, 113, 185, 0, 0, 0, 17, 184, 17, 18, 222, 245, 245, 245, 245, 245, 245, 245, 245, 245
DB 245, 245, 245, 245, 245, 245, 245, 245, 245, 245, 245, 245, 245, 245, 245, 245, 245, 245, 245, 245
DB 245, 245, 245, 245, 245, 245, 246, 18, 0, 0, 0, 0, 0, 0, 0, 0, 0, 0, 17, 222
DB 245, 245, 245, 245, 245, 245, 245, 245, 245, 245, 245, 245, 245, 245, 245, 245, 245, 245, 245, 245
DB 245, 245, 245, 245, 245, 245, 245, 245, 245, 245, 245, 245, 245, 245, 245, 245, 245, 222, 18, 17
DB 0, 0, 0, 0, 0, 0, 17, 18, 222, 245, 245, 245, 245, 245, 245, 245, 245, 245, 245, 245
DB 245, 245, 245, 245, 245, 245, 245, 245, 245, 245, 245, 245, 245, 245, 245, 245, 245, 245, 245, 245
DB 245, 245, 245, 245, 245, 245, 245, 245, 222, 17, 0, 0, 0, 0, 0, 0, 17, 222, 245, 245
DB 245, 245, 245, 245, 245, 245, 245, 245, 245, 245, 245, 245, 245, 245, 245, 245, 245, 245, 245, 245