db 0, 0, 0, 0, 0, 0, 0, 0, 0, 0, 0, 0, 0, 0, 0, 0, 0, 0, 0, 0
db 0, 0, 0, 0, 0, 0, 7, 7, 7, 7, 1, 1, 1, 1, 1, 1, 1, 0, 0, 7
db 0, 0, 0, 0, 0, 0, 0, 0, 0, 0, 0, 0, 0, 0, 0, 0, 0, 0, 0, 0
db 0, 0, 0, 0, 0, 0, 7, 1, 1, 1, 7, 7, 7, 7, 7, 7, 7, 1, 0, 0
db 0, 0, 0, 0, 0, 0, 0, 0, 0, 0, 0, 0, 0, 0, 0, 0, 0, 0, 0, 0
db 0, 0, 0, 0, 0, 1, 1, 7, 7, 7, 7, 7, 7, 7, 7, 2, 7, 7, 1, 0
db 0, 0, 0, 0, 0, 0, 0, 0, 0, 0, 0, 0, 0, 0, 0, 0, 0, 0, 0, 0
db 0, 0, 0, 0, 1, 7, 7, 7, 7, 2, 2, 7, 2, 2, 7, 7, 7, 7, 7, 0
db 0, 0, 0, 0, 0, 0, 0, 0, 0, 0, 0, 0, 0, 0, 0, 0, 0, 0, 0, 0
db 0, 0, 0, 1, 7, 7, 7, 7, 7, 2, 7, 7, 7, 7, 7, 4, 7, 7, 3, 0
db 0, 0, 0, 0, 0, 0, 0, 0, 0, 0, 0, 0, 1, 1, 1, 1, 1, 0, 0, 0
db 0, 0, 1, 7, 7, 7, 7, 7, 7, 7, 7, 7, 7, 7, 7, 3, 4, 7, 4, 0
db 0, 0, 0, 0, 0, 0, 0, 0, 0, 0, 0, 1, 7, 7, 7, 7, 7, 1, 1, 1
db 1, 1, 7, 7, 7, 7, 7, 7, 7, 7, 7, 7, 7, 7, 7, 7, 7, 7, 7, 0
db 0, 0, 0, 0, 0, 0, 0, 0, 0, 0, 1, 7, 7, 7, 7, 7, 7, 7, 7, 7
db 7, 7, 1, 1, 1, 1, 7, 7, 7, 7, 7, 1, 0, 0, 3, 1, 0, 1, 7, 0
db 0, 0, 0, 0, 0, 0, 0, 0, 0, 1, 7, 7, 7, 7, 7, 7, 7, 7, 7, 7
db 7, 7, 7, 7, 7, 7, 7, 7, 7, 7, 0, 0, 0, 0, 0, 0, 7, 7, 0, 0
db 0, 0, 0, 0, 0, 0, 0, 0, 1, 7, 7, 7, 7, 7, 7, 7, 7, 7, 7, 7
db 7, 7, 7, 7, 7, 7, 7, 7, 7, 0, 0, 0, 0, 0, 0, 3, 7, 0, 0, 0
db 0, 0, 0, 0, 0, 0, 1, 1, 7, 7, 7, 7, 7, 0, 0, 0, 0, 7, 7, 7
db 7, 7, 7, 7, 7, 7, 7, 7, 1, 0, 0, 0, 0, 0, 0, 7, 3, 0, 0, 0
db 0, 0, 0, 0, 0, 1, 7, 7, 7, 7, 7, 0, 0, 0, 0, 0, 0, 0, 0, 0
db 0, 7, 7, 7, 7, 7, 7, 7, 0, 0, 0, 0, 0, 0, 7, 7, 0, 0, 0, 0
db 0, 0, 0, 0, 1, 7, 7, 7, 7, 7, 0, 0, 0, 0, 0, 0, 0, 1, 7, 7
db 7, 0, 0, 0, 7, 7, 7, 1, 0, 0, 0, 0, 0, 0, 7, 7, 0, 0, 0, 0
db 0, 0, 0, 1, 7, 7, 7, 7, 7, 0, 0, 0, 0, 0, 0, 0, 0, 1, 7, 7
db 7, 7, 7, 7, 7, 7, 7, 0, 0, 0, 0, 0, 0, 0, 7, 1, 0, 0, 0, 0
db 0, 0, 1, 7, 7, 7, 7, 7, 0, 0, 0, 0, 0, 0, 0, 0, 0, 1, 7, 7
db 7, 7, 7, 7, 7, 7, 7, 0, 0, 0, 0, 0, 0, 0, 7, 0, 0, 0, 0, 0
db 0, 1, 7, 7, 7, 7, 0, 0, 0, 0, 0, 0, 0, 0, 0, 0, 1, 7, 7, 7
db 7, 7, 7, 7, 7, 7, 7, 0, 0, 0, 0, 0, 0, 0, 7, 0, 0, 0, 0, 0
db 1, 7, 7, 7, 7, 7, 7, 7, 0, 0, 0, 0, 0, 0, 0, 0, 1, 7, 7, 7
db 7, 7, 7, 7, 7, 7, 7, 1, 0, 3, 0, 7, 0, 0, 7, 0, 0, 0, 0, 0
db 1, 7, 7, 7, 7, 7, 7, 7, 7, 0, 0, 0, 0, 0, 0, 0, 1, 7, 7, 7
db 7, 7, 7, 7, 7, 7, 7, 7, 0, 3, 1, 7, 3, 3, 7, 0, 0, 0, 0, 0
db 0, 1, 7, 7, 7, 7, 7, 7, 7, 0, 0, 0, 0, 0, 0, 0, 1, 7, 7, 7
db 7, 7, 7, 7, 7, 7, 7, 7, 7, 7, 7, 7, 7, 7, 7, 0, 0, 0, 0, 0
db 0, 0, 1, 7, 7, 7, 7, 7, 0, 0, 0, 0, 0, 0, 0, 1, 7, 7, 7, 7
db 7, 7, 7, 7, 7, 7, 7, 7, 7, 7, 7, 7, 7, 7, 7, 0, 0, 0, 0, 0
db 0, 0, 0, 0, 0, 0, 0, 0, 0, 0, 0, 0, 0, 0, 0, 1, 7, 7, 7, 7
db 7, 7, 7, 7, 7, 7, 7, 7, 7, 7, 7, 7, 7, 7, 1, 0, 0, 0, 0, 0
db 0, 0, 0, 0, 0, 0, 0, 0, 0, 0, 0, 0, 0, 0, 0, 1, 7, 7, 7, 7
db 7, 7, 7, 7, 7, 7, 7, 7, 7, 7, 7, 7, 7, 7, 0, 0, 0, 0, 0, 0
db 0, 0, 0, 0, 0, 0, 0, 0, 0, 0, 0, 0, 0, 0, 0, 1, 7, 7, 7, 7
db 7, 7, 7, 7, 7, 7, 7, 7, 7, 7, 7, 7, 7, 7, 0, 0, 0, 0, 0, 0
db 0, 0, 0, 0, 0, 0, 0, 0, 0, 0, 0, 0, 0, 0, 0, 1, 7, 7, 7, 7
db 7, 7, 7, 7, 7, 7, 7, 7, 7, 7, 7, 7, 7, 7, 0, 0, 0, 0, 0, 0
db 0, 0, 0, 0, 0, 0, 0, 0, 0, 0, 0, 0, 0, 0, 0, 1, 7, 7, 7, 7
db 7, 7, 7, 7, 7, 7, 7, 7, 7, 7, 7, 7, 7, 7, 0, 0, 0, 0, 0, 0
db 0, 0, 0, 0, 0, 0, 0, 0, 0, 0, 0, 0, 0, 0, 1, 7, 7, 7, 7, 7
db 7, 7, 7, 7, 7, 7, 7, 7, 7, 7, 7, 7, 7, 7, 0, 0, 0, 0, 0, 0
db 0, 0, 0, 0, 0, 0, 0, 0, 0, 0, 0, 0, 0, 0, 1, 7, 7, 7, 7, 7
db 7, 7, 7, 7, 7, 7, 7, 7, 7, 7, 7, 7, 7, 7, 0, 0, 0, 0, 0, 0
db 0, 0, 0, 0, 0, 0, 0, 0, 0, 0, 0, 0, 0, 0, 1, 7, 7, 7, 7, 7
db 7, 7, 7, 7, 7, 7, 7, 7, 7, 7, 7, 7, 7, 7, 0, 0, 0, 0, 0, 0
db 0, 0, 0, 0, 0, 0, 0, 0, 0, 0, 0, 0, 0, 0, 1, 7, 7, 7, 7, 7
db 7, 7, 7, 7, 7, 7, 7, 7, 7, 7, 7, 7, 3, 3, 0, 0, 0, 0, 0, 0
db 0, 0, 0, 0, 0, 0, 0, 0, 0, 0, 0, 0, 0, 1, 7, 7, 7, 7, 7, 7
db 7, 7, 7, 7, 7, 7, 7, 7, 7, 7, 7, 7, 1, 1, 0, 0, 0, 0, 0, 0
db 0, 0, 0, 0, 0, 0, 0, 0, 0, 0, 0, 0, 0, 1, 7, 7, 7, 7, 7, 7
db 7, 7, 7, 7, 7, 7, 7, 7, 7, 7, 7, 7, 0, 0, 0, 0, 0, 0, 0, 0
db 0, 0, 0, 0, 0, 0, 0, 0, 0, 0, 1, 1, 1, 7, 7, 7, 7, 7, 7, 7
db 7, 7, 7, 7, 7, 7, 7, 7, 7, 7, 7, 7, 0, 0, 0, 0, 0, 0, 0, 0
db 0, 1, 1, 1, 1, 1, 1, 1, 1, 1, 7, 7, 7, 7, 7, 7, 7, 7, 7, 7
db 7, 7, 7, 7, 7, 7, 7, 7, 7, 7, 7, 3, 0, 0, 0, 0, 0, 0, 0, 0
db 0, 0, 0, 0, 0, 7, 7, 7, 7, 7, 7, 7, 7, 7, 7, 7, 7, 7, 7, 7
db 7, 7, 7, 7, 7, 7, 7, 7, 7, 7, 7, 1, 0, 0, 0, 0, 0, 0, 0, 0
db 0, 0, 0, 0, 0, 0, 0, 0, 3, 7, 7, 7, 7, 7, 7, 7, 7, 7, 7, 7
db 7, 7, 7, 7, 7, 7, 7, 7, 7, 7, 3, 0, 0, 0, 0, 0, 0, 0, 0, 0
db 0, 0, 0, 0, 0, 0, 0, 0, 0, 0, 0, 3, 7, 7, 7, 7, 7, 7, 7, 7
db 7, 7, 7, 7, 7, 7, 7, 7, 7, 7, 1, 0, 0, 0, 0, 0, 0, 0, 0, 0
db 0, 0, 0, 0, 0, 0, 0, 0, 0, 0, 0, 0, 0, 3, 7, 7, 7, 7, 7, 7
db 7, 7, 7, 7, 7, 7, 7, 7, 7, 1, 0, 0, 0, 0, 0, 0, 0, 0, 0, 0
db 0, 0, 0, 0, 0, 0, 0, 0, 0, 0, 0, 0, 0, 0, 0, 1, 3, 7, 7, 7
db 7, 7, 7, 7, 7, 7, 7, 3, 1, 0, 0, 0, 0, 0, 0, 0, 0, 0, 0, 0
db 0, 0, 0, 0, 0, 0, 0, 0, 0, 0, 0, 0, 0, 0, 0, 0, 0, 0, 1, 3
db 3, 7, 7, 7, 7, 3, 1, 0, 0, 0, 0, 0, 0, 0, 0, 0, 0, 0, 0, 0
db 0, 0, 0, 0, 0, 0, 0, 0, 0, 0, 0, 0, 0, 0, 0, 0, 0, 0, 0, 0
db 0, 0, 0, 0, 0, 0, 0, 0, 0, 0, 0, 0, 0, 0, 0, 0, 0, 0, 0, 0