db 0, 0, 0, 0, 0, 0, 0, 0, 0, 0, 0, 0, 0, 0, 0, 0, 0, 0, 0, 0
db 0, 0, 0, 0, 0, 0, 0, 0, 0, 0, 0, 0, 0, 0, 0, 0, 0, 0, 0, 0
db 0, 0, 0, 0, 0, 0, 0, 0, 0, 0, 0, 0, 0, 0, 0, 0, 0, 0, 0, 0
db 0, 0, 0, 0, 0, 0, 0, 0, 0, 0, 0, 0, 0, 0, 0, 0, 0, 0, 0, 0
db 0, 0, 0, 0, 0, 0, 0, 0, 0, 0, 0, 0, 0, 0, 0, 0, 0, 0, 0, 0
db 0, 0, 0, 0, 0, 0, 0, 0, 0, 0, 0, 0, 0, 0, 0, 0, 0, 0, 0, 0
db 0, 0, 0, 0, 0, 0, 0, 0, 0, 0, 0, 0, 0, 0, 0, 0, 0, 2, 2, 2
db 2, 2, 2, 2, 2, 2, 0, 0, 0, 0, 0, 0, 0, 0, 0, 0, 0, 0, 0, 0
db 0, 0, 0, 0, 0, 0, 0, 0, 0, 0, 0, 0, 0, 0, 0, 2, 2, 3, 3, 2
db 2, 2, 3, 3, 2, 2, 2, 3, 2, 0, 0, 0, 0, 0, 0, 0, 0, 0, 0, 0
db 0, 0, 0, 0, 0, 0, 0, 0, 0, 0, 0, 0, 0, 0, 3, 2, 2, 2, 6, 2
db 3, 3, 3, 2, 3, 3, 3, 3, 2, 0, 0, 0, 2, 2, 0, 2, 0, 0, 0, 0
db 0, 0, 0, 0, 0, 0, 0, 0, 0, 0, 0, 0, 0, 6, 6, 2, 3, 3, 4, 4
db 3, 2, 0, 0, 2, 3, 2, 0, 0, 0, 2, 2, 2, 3, 3, 7, 2, 0, 0, 0
db 0, 0, 0, 0, 0, 0, 0, 0, 0, 0, 0, 0, 0, 6, 4, 6, 3, 6, 4, 4
db 3, 0, 0, 0, 2, 3, 2, 2, 2, 2, 2, 2, 2, 2, 3, 2, 0, 0, 0, 0
db 0, 0, 0, 0, 0, 0, 0, 0, 0, 0, 0, 0, 0, 6, 4, 6, 3, 6, 4, 6
db 3, 0, 0, 0, 3, 2, 3, 3, 3, 3, 2, 2, 3, 3, 3, 0, 0, 0, 0, 0
db 0, 0, 0, 0, 0, 0, 0, 0, 0, 0, 0, 0, 0, 7, 6, 6, 6, 6, 6, 2
db 0, 6, 0, 0, 3, 2, 3, 3, 2, 2, 2, 2, 3, 2, 0, 0, 0, 0, 0, 0
db 0, 0, 0, 0, 0, 0, 0, 0, 0, 0, 0, 0, 2, 3, 3, 3, 2, 2, 0, 0
db 6, 6, 0, 0, 3, 2, 2, 3, 2, 0, 2, 3, 2, 0, 2, 2, 2, 0, 0, 0
db 0, 0, 0, 0, 0, 0, 0, 0, 0, 0, 0, 0, 2, 2, 2, 2, 2, 0, 0, 6
db 6, 6, 0, 3, 3, 2, 2, 2, 2, 0, 7, 2, 0, 2, 3, 2, 2, 0, 0, 0
db 0, 0, 0, 0, 0, 0, 0, 0, 0, 0, 0, 2, 2, 2, 3, 3, 7, 3, 0, 6
db 6, 0, 3, 3, 2, 2, 2, 0, 0, 2, 2, 0, 0, 3, 3, 2, 2, 2, 0, 0
db 0, 0, 0, 0, 0, 0, 0, 0, 0, 0, 0, 2, 2, 2, 3, 3, 3, 2, 6, 6
db 0, 3, 2, 2, 2, 2, 0, 2, 0, 3, 2, 0, 3, 3, 3, 3, 2, 2, 0, 0
db 0, 0, 0, 0, 0, 0, 0, 0, 0, 0, 2, 3, 2, 2, 2, 3, 2, 2, 0, 2
db 3, 2, 2, 2, 2, 0, 2, 2, 0, 3, 0, 0, 3, 3, 3, 3, 2, 2, 2, 0
db 0, 0, 0, 0, 0, 0, 0, 0, 2, 7, 0, 3, 2, 2, 2, 2, 2, 3, 3, 3
db 3, 2, 2, 0, 0, 2, 2, 2, 0, 2, 0, 2, 2, 3, 3, 2, 2, 2, 2, 0
db 0, 0, 0, 0, 0, 0, 0, 3, 3, 2, 2, 0, 3, 2, 2, 2, 2, 2, 2, 2
db 2, 0, 0, 0, 2, 2, 2, 2, 0, 2, 0, 2, 2, 2, 2, 3, 3, 2, 2, 0
db 0, 0, 0, 0, 0, 0, 2, 3, 2, 3, 0, 0, 0, 0, 2, 2, 2, 2, 2, 0
db 0, 0, 2, 3, 2, 2, 2, 3, 2, 0, 0, 2, 3, 3, 3, 2, 2, 2, 2, 0
db 0, 0, 0, 0, 0, 0, 3, 3, 2, 0, 0, 0, 0, 0, 0, 0, 2, 0, 0, 2
db 7, 2, 2, 2, 2, 2, 3, 3, 3, 2, 2, 2, 3, 3, 3, 2, 2, 2, 2, 0
db 0, 0, 0, 0, 0, 0, 3, 2, 0, 0, 0, 0, 0, 0, 0, 0, 0, 0, 0, 0
db 2, 3, 2, 2, 2, 2, 3, 3, 3, 3, 3, 3, 3, 3, 2, 2, 2, 2, 2, 0
db 0, 0, 0, 0, 0, 2, 3, 0, 0, 0, 0, 0, 0, 0, 0, 0, 0, 0, 0, 0
db 0, 0, 2, 2, 2, 3, 2, 3, 3, 3, 3, 3, 3, 2, 2, 2, 2, 2, 0, 0
db 0, 0, 0, 0, 0, 2, 2, 0, 0, 0, 0, 0, 0, 0, 0, 0, 0, 0, 0, 0
db 0, 0, 0, 2, 2, 2, 2, 2, 3, 3, 3, 3, 3, 3, 2, 2, 2, 2, 0, 0
db 0, 0, 0, 0, 0, 3, 2, 0, 0, 0, 0, 0, 0, 0, 0, 0, 0, 0, 0, 0
db 0, 0, 0, 7, 2, 3, 3, 3, 3, 3, 3, 3, 3, 2, 2, 2, 2, 2, 0, 0
db 0, 0, 0, 0, 3, 2, 0, 0, 0, 0, 0, 0, 0, 0, 0, 0, 0, 0, 0, 0
db 0, 0, 0, 2, 2, 3, 3, 3, 3, 3, 3, 3, 2, 2, 2, 2, 2, 0, 0, 0
db 0, 2, 2, 2, 2, 0, 0, 0, 0, 0, 0, 0, 0, 0, 0, 0, 0, 0, 0, 0
db 0, 0, 0, 7, 2, 2, 3, 3, 3, 3, 2, 3, 2, 2, 2, 2, 0, 0, 0, 0
db 0, 0, 0, 0, 0, 0, 0, 0, 0, 0, 0, 0, 0, 0, 0, 0, 0, 0, 0, 0
db 0, 0, 0, 3, 2, 2, 3, 3, 3, 3, 3, 2, 2, 2, 2, 2, 0, 0, 0, 0
db 0, 0, 0, 0, 0, 0, 0, 0, 0, 0, 0, 0, 0, 0, 0, 0, 0, 0, 0, 0
db 0, 0, 7, 2, 2, 3, 3, 3, 2, 2, 2, 2, 2, 2, 2, 0, 0, 0, 0, 0
db 0, 0, 0, 0, 0, 0, 0, 0, 0, 0, 0, 0, 0, 0, 0, 0, 0, 0, 0, 0
db 0, 3, 2, 2, 3, 3, 3, 3, 2, 2, 2, 2, 2, 2, 0, 0, 0, 0, 0, 0
db 0, 0, 0, 0, 0, 0, 0, 0, 0, 0, 0, 0, 0, 0, 0, 0, 0, 0, 0, 0
db 0, 2, 2, 3, 3, 3, 2, 2, 2, 2, 2, 2, 0, 0, 0, 0, 0, 0, 0, 0
db 0, 0, 0, 0, 0, 0, 0, 0, 0, 0, 0, 0, 0, 0, 0, 0, 0, 0, 0, 0
db 2, 2, 2, 3, 2, 2, 3, 2, 2, 2, 2, 0, 0, 0, 0, 0, 0, 0, 0, 0
db 0, 0, 0, 0, 0, 0, 0, 0, 0, 0, 0, 0, 0, 0, 0, 0, 0, 0, 0, 2
db 2, 2, 2, 2, 3, 3, 2, 2, 2, 2, 0, 0, 0, 0, 0, 0, 0, 0, 0, 0
db 0, 0, 0, 0, 0, 0, 0, 0, 0, 0, 0, 0, 0, 0, 0, 0, 0, 0, 0, 2
db 2, 2, 2, 3, 3, 2, 2, 2, 2, 0, 0, 0, 0, 0, 0, 0, 0, 0, 0, 0
db 0, 0, 0, 0, 0, 0, 0, 0, 0, 0, 0, 0, 0, 0, 0, 0, 0, 0, 0, 2
db 2, 2, 2, 2, 2, 2, 2, 2, 0, 0, 0, 0, 0, 0, 0, 0, 0, 0, 0, 0
db 0, 0, 0, 0, 0, 0, 0, 0, 0, 0, 0, 0, 0, 0, 0, 0, 0, 0, 0, 2
db 2, 3, 2, 2, 3, 2, 2, 0, 0, 0, 0, 0, 0, 0, 0, 0, 0, 0, 0, 0
db 0, 0, 0, 0, 0, 0, 0, 0, 0, 0, 0, 0, 0, 0, 0, 0, 0, 0, 0, 0
db 2, 2, 2, 2, 2, 2, 2, 0, 0, 0, 0, 0, 0, 2, 2, 2, 2, 0, 0, 0
db 0, 0, 0, 0, 0, 0, 0, 0, 0, 0, 0, 0, 0, 0, 0, 0, 0, 0, 0, 0
db 2, 2, 2, 2, 2, 2, 2, 2, 2, 2, 2, 2, 2, 2, 2, 2, 0, 0, 0, 0
db 0, 0, 0, 0, 0, 0, 0, 0, 0, 0, 0, 0, 0, 0, 0, 0, 0, 0, 0, 0
db 0, 2, 2, 2, 2, 3, 2, 2, 2, 2, 2, 2, 2, 2, 2, 0, 0, 0, 0, 0
db 0, 0, 0, 0, 0, 0, 0, 0, 0, 0, 0, 0, 0, 0, 0, 0, 0, 0, 0, 0
db 0, 0, 2, 2, 2, 2, 2, 2, 2, 2, 2, 2, 2, 0, 0, 0, 0, 0, 0, 0
db 0, 0, 0, 0, 0, 0, 0, 0, 0, 0, 0, 0, 0, 0, 0, 0, 0, 0, 0, 0
db 0, 0, 0, 0, 0, 0, 2, 2, 2, 2, 0, 0, 0, 0, 0, 0, 0, 0, 0, 0
db 0, 0, 0, 0, 0, 0, 0, 0, 0, 0, 0, 0, 0, 0, 0, 0, 0, 0, 0, 0
db 0, 0, 0, 0, 0, 0, 0, 0, 0, 0, 0, 0, 0, 0, 0, 0, 0, 0, 0, 0