DB 0, 0, 0, 0, 0, 0, 0, 0, 0, 0, 0, 0, 0, 0, 0, 0, 0, 0, 0, 0
DB 0, 0, 0, 0, 0, 0, 0, 0, 0, 0, 0, 0, 0, 0, 0, 0, 0, 0, 0, 0
DB 0, 0, 0, 0, 0, 0, 0, 0, 0, 0, 0, 0, 0, 0, 0, 0, 0, 0, 0, 4
DB 4, 0, 0, 0, 0, 0, 0, 0, 0, 0, 0, 0, 0, 0, 0, 0, 0, 0, 0, 0
DB 0, 0, 0, 0, 0, 0, 0, 0, 0, 0, 0, 0, 0, 0, 0, 0, 0, 0, 0, 4
DB 4, 0, 0, 0, 0, 0, 0, 0, 0, 0, 0, 0, 0, 0, 0, 0, 0, 0, 0, 0
DB 0, 0, 0, 0, 0, 0, 0, 0, 0, 0, 0, 0, 0, 0, 0, 0, 0, 0, 0, 4
DB 4, 0, 0, 0, 0, 0, 0, 0, 0, 0, 0, 0, 0, 0, 0, 0, 0, 0, 0, 0
DB 0, 0, 0, 0, 0, 0, 0, 0, 0, 0, 0, 0, 0, 0, 0, 0, 0, 0, 0, 4
DB 4, 0, 0, 0, 0, 0, 0, 0, 0, 0, 0, 0, 0, 0, 0, 0, 0, 0, 0, 0
DB 0, 0, 0, 0, 0, 0, 0, 0, 0, 0, 0, 0, 0, 0, 0, 0, 0, 0, 0, 4
DB 4, 0, 0, 0, 0, 0, 0, 0, 0, 0, 0, 0, 0, 0, 0, 0, 0, 0, 0, 0
DB 0, 0, 0, 0, 0, 0, 0, 0, 0, 0, 0, 0, 0, 0, 0, 0, 0, 0, 0, 4
DB 4, 0, 0, 0, 0, 0, 0, 0, 0, 0, 0, 0, 0, 0, 0, 0, 0, 0, 0, 0
DB 0, 0, 0, 0, 0, 0, 0, 0, 0, 0, 0, 0, 0, 0, 0, 0, 0, 0, 4, 4
DB 4, 4, 0, 0, 0, 0, 0, 0, 0, 0, 0, 0, 0, 0, 0, 0, 0, 0, 0, 0
DB 0, 0, 0, 0, 0, 0, 0, 0, 0, 0, 0, 0, 0, 0, 0, 0, 0, 0, 4, 4
DB 4, 4, 0, 0, 0, 0, 0, 0, 0, 0, 0, 0, 0, 0, 0, 0, 0, 0, 0, 0
DB 0, 0, 0, 0, 0, 0, 0, 0, 0, 0, 0, 0, 0, 0, 0, 0, 0, 0, 4, 4
DB 4, 4, 0, 0, 0, 0, 0, 0, 0, 0, 0, 0, 0, 0, 0, 0, 0, 0, 0, 0
DB 0, 0, 0, 0, 0, 0, 0, 0, 0, 0, 0, 0, 0, 0, 0, 0, 0, 0, 4, 4
DB 4, 4, 0, 0, 0, 0, 0, 0, 0, 0, 0, 0, 0, 0, 0, 0, 0, 0, 0, 0
DB 0, 0, 0, 0, 0, 0, 0, 0, 0, 0, 0, 0, 0, 0, 0, 0, 0, 0, 4, 4
DB 4, 4, 0, 0, 0, 0, 0, 0, 0, 0, 0, 0, 0, 0, 0, 0, 0, 0, 0, 0
DB 0, 0, 0, 0, 0, 0, 0, 0, 0, 0, 0, 0, 0, 0, 0, 0, 0, 4, 4, 4
DB 4, 4, 0, 0, 0, 0, 0, 0, 0, 0, 0, 0, 0, 0, 0, 0, 0, 0, 0, 0
DB 0, 0, 0, 0, 0, 0, 0, 0, 0, 0, 0, 0, 0, 0, 0, 0, 0, 4, 4, 4
DB 4, 4, 0, 0, 0, 0, 0, 0, 0, 0, 0, 0, 0, 0, 0, 0, 0, 0, 0, 0
DB 0, 0, 0, 0, 0, 0, 0, 0, 0, 0, 0, 0, 0, 0, 0, 0, 0, 4, 4, 4
DB 4, 4, 0, 0, 0, 0, 0, 0, 0, 0, 0, 0, 0, 0, 0, 0, 0, 0, 0, 0
DB 0, 0, 0, 0, 0, 0, 0, 0, 4, 0, 0, 0, 0, 0, 0, 0, 0, 4, 4, 4
DB 4, 4, 0, 0, 0, 0, 0, 0, 0, 0, 0, 4, 0, 0, 0, 0, 0, 0, 0, 0
DB 0, 0, 0, 0, 0, 0, 0, 4, 0, 0, 0, 0, 0, 0, 0, 0, 0, 4, 4, 4
DB 4, 4, 4, 0, 0, 0, 0, 0, 0, 0, 0, 0, 0, 0, 0, 0, 0, 0, 0, 0
DB 0, 0, 0, 0, 0, 4, 4, 4, 0, 0, 0, 0, 0, 0, 0, 0, 0, 4, 0, 4
DB 4, 0, 0, 0, 0, 0, 0, 0, 0, 0, 0, 0, 4, 4, 4, 0, 0, 0, 0, 0
DB 0, 0, 0, 0, 0, 0, 4, 4, 0, 0, 0, 0, 0, 0, 0, 4, 4, 4, 0, 4
DB 4, 0, 4, 4, 4, 0, 0, 0, 0, 0, 0, 0, 4, 4, 0, 0, 0, 0, 0, 0
DB 0, 0, 0, 0, 4, 4, 4, 4, 0, 0, 0, 0, 0, 0, 4, 4, 4, 4, 0, 4
DB 4, 0, 4, 4, 4, 4, 0, 0, 0, 0, 0, 0, 4, 4, 4, 4, 0, 0, 0, 0
DB 0, 0, 0, 4, 4, 4, 4, 4, 4, 0, 0, 0, 0, 0, 0, 4, 4, 0, 4, 4
DB 4, 4, 4, 4, 4, 0, 0, 0, 0, 0, 0, 4, 4, 4, 4, 4, 4, 0, 0, 0
DB 0, 0, 0, 4, 4, 4, 4, 4, 4, 4, 4, 0, 0, 0, 4, 4, 4, 0, 4, 4
DB 4, 4, 4, 4, 4, 4, 0, 0, 0, 4, 4, 4, 4, 4, 4, 4, 4, 0, 0, 0
DB 0, 0, 0, 4, 4, 4, 4, 4, 4, 4, 4, 4, 0, 4, 4, 4, 0, 4, 4, 4
DB 4, 4, 4, 0, 4, 4, 4, 4, 4, 4, 4, 4, 4, 4, 4, 4, 4, 0, 0, 0
DB 0, 0, 4, 4, 4, 4, 4, 4, 4, 4, 4, 4, 4, 4, 0, 0, 4, 4, 4, 4
DB 4, 4, 4, 4, 0, 0, 4, 4, 4, 4, 4, 4, 4, 4, 4, 4, 4, 0, 0, 0
DB 0, 4, 4, 4, 4, 4, 4, 4, 4, 4, 4, 4, 4, 0, 4, 4, 4, 0, 4, 4
DB 4, 4, 4, 4, 4, 4, 0, 4, 4, 4, 4, 4, 0, 4, 4, 4, 4, 0, 0, 0
DB 0, 0, 4, 4, 4, 4, 4, 0, 4, 4, 4, 4, 4, 0, 4, 0, 4, 4, 4, 4
DB 4, 4, 0, 4, 0, 4, 0, 4, 4, 4, 4, 4, 4, 4, 4, 4, 4, 4, 0, 0
DB 4, 0, 4, 4, 0, 4, 4, 0, 4, 4, 4, 4, 4, 0, 0, 0, 0, 4, 4, 4
DB 4, 4, 0, 0, 0, 0, 0, 4, 4, 4, 4, 4, 4, 4, 4, 0, 4, 4, 0, 0
DB 0, 4, 4, 4, 0, 4, 4, 4, 0, 0, 0, 4, 4, 4, 0, 6, 6, 0, 4, 4
DB 4, 4, 0, 6, 6, 0, 4, 4, 4, 0, 0, 0, 4, 4, 4, 0, 4, 4, 4, 0
DB 0, 4, 4, 4, 0, 4, 4, 4, 4, 0, 4, 0, 4, 0, 0, 6, 6, 0, 0, 4
DB 4, 0, 6, 6, 6, 0, 0, 4, 0, 4, 0, 4, 4, 4, 4, 0, 4, 4, 4, 0
DB 0, 4, 4, 4, 0, 4, 4, 4, 4, 0, 0, 4, 0, 0, 4, 0, 6, 6, 0, 4
DB 4, 0, 0, 6, 0, 4, 0, 4, 4, 0, 0, 4, 4, 4, 4, 0, 4, 4, 4, 0
DB 0, 4, 4, 4, 4, 0, 4, 4, 0, 0, 0, 0, 0, 4, 4, 0, 0, 0, 4, 0
DB 0, 4, 0, 0, 0, 4, 4, 0, 0, 0, 0, 0, 4, 4, 0, 4, 4, 4, 4, 0
DB 0, 4, 4, 4, 4, 4, 4, 4, 0, 0, 0, 0, 0, 4, 0, 4, 4, 4, 4, 4
DB 4, 4, 0, 4, 4, 0, 4, 0, 0, 0, 0, 0, 4, 4, 4, 4, 4, 0, 4, 0
DB 0, 0, 4, 0, 4, 4, 4, 4, 4, 4, 4, 4, 0, 0, 0, 4, 0, 0, 4, 4
DB 4, 4, 4, 0, 4, 0, 0, 0, 4, 4, 4, 4, 4, 4, 4, 4, 0, 4, 0, 0
DB 0, 4, 0, 4, 4, 4, 4, 0, 0, 4, 4, 4, 0, 0, 0, 0, 0, 0, 0, 4
DB 4, 0, 4, 0, 0, 0, 0, 0, 4, 4, 4, 0, 0, 4, 4, 4, 4, 4, 4, 0
DB 0, 4, 0, 4, 4, 4, 4, 0, 0, 0, 4, 4, 0, 0, 0, 0, 0, 0, 0, 4
DB 4, 0, 0, 0, 0, 0, 0, 0, 4, 4, 0, 0, 0, 4, 4, 4, 4, 4, 4, 0
DB 0, 0, 0, 0, 4, 4, 4, 0, 0, 0, 0, 4, 0, 0, 0, 0, 0, 4, 0, 4
DB 4, 0, 0, 0, 0, 0, 0, 0, 4, 0, 0, 0, 0, 4, 4, 4, 0, 4, 0, 0
DB 0, 0, 0, 0, 4, 4, 4, 0, 0, 0, 0, 0, 0, 0, 0, 0, 0, 0, 4, 0
DB 0, 4, 0, 0, 0, 0, 0, 0, 0, 0, 0, 0, 4, 4, 4, 4, 0, 4, 0, 0
DB 0, 0, 4, 4, 0, 0, 4, 0, 0, 0, 0, 0, 0, 0, 0, 0, 0, 0, 0, 4
DB 4, 0, 0, 0, 0, 0, 0, 0, 0, 0, 0, 0, 4, 4, 0, 0, 4, 0, 0, 0
DB 0, 0, 0, 0, 0, 0, 0, 4, 0, 4, 0, 0, 0, 0, 0, 0, 0, 0, 0, 0
DB 0, 0, 0, 0, 0, 0, 0, 0, 0, 0, 0, 0, 4, 0, 0, 0, 0, 0, 0, 0
DB 0, 0, 0, 0, 0, 0, 0, 0, 4, 0, 0, 0, 0, 0, 0, 0, 0, 0, 0, 0
DB 0, 0, 0, 0, 0, 0, 0, 0, 0, 0, 0, 0, 0, 0, 0, 0, 0, 0, 0, 0