DB 245, 245, 245, 245, 245, 245, 245, 245, 245, 245, 245, 245, 245, 245, 245, 245, 245, 245, 245, 245
DB 245, 245, 245, 245, 245, 245, 245, 245, 245, 245, 245, 245, 245, 245, 245, 245, 245, 245, 245, 245
DB 245, 245, 245, 245, 245, 245, 245, 245, 245, 245, 245, 245, 245, 245, 245, 245, 245, 245, 245, 245
DB 245, 245, 245, 245, 245, 245, 245, 245, 245, 34, 34, 35, 35, 35, 34, 34, 34, 34, 34, 34
DB 34, 34, 245, 245, 245, 245, 245, 245, 245, 245, 245, 245, 245, 245, 245, 245, 245, 245, 245, 245
DB 245, 245, 245, 245, 245, 245, 245, 245, 245, 245, 245, 245, 245, 245, 245, 245, 34, 34, 34, 34
DB 34, 34, 34, 35, 35, 35, 105, 105, 105, 106, 34, 34, 34, 245, 245, 245, 245, 245, 245, 245
DB 245, 245, 245, 245, 245, 245, 245, 245, 245, 245, 245, 245, 245, 245, 245, 245, 245, 245, 245, 245
DB 245, 245, 245, 245, 34, 34, 107, 34, 34, 34, 34, 34, 34, 34, 35, 35, 35, 105, 105, 105
DB 106, 107, 107, 34, 245, 34, 245, 245, 245, 245, 245, 245, 245, 245, 245, 245, 245, 245, 245, 245
DB 245, 245, 245, 245, 245, 245, 245, 245, 245, 245, 245, 245, 245, 34, 245, 34, 107, 107, 34, 34
DB 34, 34, 34, 34, 35, 35, 34, 34, 105, 106, 106, 107, 107, 107, 34, 35, 34, 245, 245, 245
DB 245, 245, 245, 245, 245, 245, 245, 245, 245, 245, 245, 245, 245, 245, 245, 245, 245, 245, 245, 245
DB 245, 245, 34, 245, 106, 106, 106, 106, 107, 34, 34, 34, 34, 34, 34, 35, 35, 34, 105, 106
DB 106, 106, 107, 107, 34, 35, 35, 35, 245, 245, 245, 245, 245, 245, 245, 245, 245, 245, 245, 245
DB 245, 245, 245, 245, 245, 245, 245, 245, 245, 245, 34, 245, 245, 105, 105, 105, 106, 106, 106, 107
DB 34, 34, 34, 34, 34, 35, 35, 105, 105, 105, 106, 106, 107, 107, 34, 34, 35, 35, 35, 35
DB 245, 245, 245, 245, 245, 245, 245, 245, 245, 245, 245, 245, 245, 245, 245, 245, 245, 245, 245, 34
DB 34, 105, 105, 105, 105, 105, 105, 106, 106, 106, 107, 107, 34, 34, 34, 35, 35, 34, 105, 105
DB 106, 106, 107, 107, 34, 34, 34, 34, 35, 34, 34, 245, 245, 245, 245, 245, 245, 245, 245, 245
DB 245, 245, 245, 245, 245, 245, 245, 245, 35, 34, 34, 35, 35, 34, 34, 105, 105, 105, 106, 106
DB 107, 34, 34, 34, 34, 34, 35, 34, 105, 105, 106, 106, 107, 34, 34, 34, 34, 35, 35, 35
DB 34, 34, 245, 245, 245, 245, 245, 245, 245, 245, 245, 245, 245, 245, 245, 245, 245, 35, 35, 35
DB 35, 35, 35, 35, 35, 35, 105, 105, 105, 106, 106, 107, 34, 34, 34, 34, 35, 34, 105, 105
DB 106, 107, 107, 107, 34, 34, 34, 34, 35, 35, 105, 245, 34, 245, 245, 245, 245, 245, 245, 245
DB 245, 245, 245, 245, 245, 245, 245, 35, 35, 34, 34, 35, 35, 35, 35, 35, 35, 105, 105, 105
DB 106, 107, 107, 107, 34, 34, 35, 34, 105, 105, 106, 106, 107, 34, 34, 34, 34, 35, 35, 35
DB 34, 105, 34, 245, 245, 245, 245, 245, 245, 245, 245, 245, 245, 245, 245, 245, 35, 35, 34, 34
DB 34, 34, 34, 34, 35, 35, 35, 34, 34, 105, 106, 106, 107, 34, 34, 34, 35, 34, 105, 105
DB 106, 107, 107, 34, 34, 34, 34, 35, 35, 35, 105, 105, 34, 34, 245, 245, 245, 245, 245, 245
DB 245, 245, 245, 245, 245, 34, 35, 35, 34, 34, 34, 34, 34, 34, 34, 34, 34, 35, 34, 106
DB 105, 106, 106, 107, 34, 34, 34, 105, 105, 105, 106, 107, 107, 34, 34, 34, 34, 35, 35, 34
DB 105, 105, 106, 245, 34, 245, 245, 245, 245, 245, 245, 245, 245, 245, 245, 34, 34, 34, 34, 34
DB 34, 34, 34, 34, 34, 34, 34, 34, 35, 106, 105, 106, 106, 107, 34, 34, 34, 34, 105, 106
DB 107, 107, 34, 34, 34, 34, 35, 35, 35, 35, 105, 105, 106, 106, 34, 245, 245, 245, 245, 245
DB 245, 245, 245, 245, 245, 34, 107, 107, 107, 107, 34, 34, 34, 34, 34, 34, 34, 34, 34, 34
DB 34, 105, 106, 106, 107, 34, 34, 105, 106, 106, 107, 107, 34, 34, 34, 34, 35, 35, 35, 105
DB 105, 106, 106, 106, 34, 34, 245, 245, 245, 245, 245, 245, 245, 245, 34, 107, 107, 107, 107, 107
DB 107, 107, 34, 107, 34, 107, 34, 34, 34, 34, 34, 34, 105, 106, 106, 34, 34, 105, 105, 106
DB 107, 34, 34, 34, 34, 35, 35, 35, 105, 105, 105, 106, 106, 107, 34, 34, 245, 245, 245, 245
DB 245, 245, 245, 34, 107, 106, 107, 107, 106, 106, 106, 107, 107, 107, 107, 107, 107, 34, 34, 34
DB 34, 34, 105, 106, 106, 34, 34, 105, 106, 107, 107, 34, 34, 34, 35, 35, 34, 105, 105, 105
DB 106, 106, 107, 107, 34, 34, 245, 245, 245, 245, 245, 245, 245, 34, 34, 106, 106, 106, 106, 106
DB 106, 106, 106, 107, 106, 107, 107, 107, 34, 34, 34, 34, 34, 105, 106, 34, 105, 105, 107, 107
DB 107, 34, 34, 34, 35, 106, 105, 105, 105, 106, 106, 107, 107, 34, 34, 34, 245, 245, 245, 245
DB 245, 245, 34, 34, 106, 106, 105, 106, 106, 105, 105, 106, 105, 106, 106, 106, 106, 106, 107, 107
DB 107, 34, 34, 106, 105, 107, 105, 105, 107, 107, 34, 34, 34, 34, 105, 105, 105, 106, 106, 107
DB 107, 107, 34, 34, 34, 34, 34, 245, 245, 245, 245, 245, 245, 34, 105, 105, 105, 105, 105, 105
DB 105, 105, 105, 105, 105, 105, 106, 106, 106, 107, 107, 107, 34, 106, 105, 106, 105, 107, 107, 34
DB 34, 34, 34, 105, 105, 105, 106, 107, 107, 107, 107, 34, 34, 34, 34, 34, 35, 245, 245, 245
DB 245, 245, 245, 245, 105, 105, 105, 34, 105, 105, 34, 34, 105, 34, 105, 105, 105, 105, 106, 105
DB 107, 107, 106, 106, 105, 106, 105, 106, 107, 34, 34, 34, 105, 105, 106, 106, 107, 107, 107, 34
DB 34, 34, 34, 34, 34, 34, 34, 245, 245, 245, 245, 245, 245, 34, 105, 35, 35, 34, 35, 35
DB 35, 35, 35, 34, 34, 34, 105, 34, 105, 105, 105, 106, 105, 106, 105, 105, 106, 106, 107, 34
DB 105, 105, 106, 106, 107, 107, 107, 107, 34, 34, 34, 34, 34, 34, 34, 34, 35, 245, 245, 245
DB 245, 245, 34, 34, 35, 35, 35, 35, 35, 35, 35, 35, 34, 34, 34, 34, 34, 34, 34, 34
DB 107, 106, 105, 105, 105, 105, 106, 105, 105, 105, 105, 106, 106, 107, 107, 107, 34, 34, 34, 34
DB 34, 34, 34, 34, 35, 35, 34, 34, 245, 245, 245, 245, 34, 35, 35, 35, 35, 34, 35, 34
DB 34, 34, 34, 34, 34, 34, 34, 34, 107, 107, 106, 106, 106, 105, 105, 105, 105, 105, 105, 106
DB 106, 107, 107, 107, 34, 34, 34, 34, 34, 34, 34, 34, 34, 35, 35, 35, 35, 245, 245, 245
DB 245, 245, 245, 35, 35, 35, 35, 34, 34, 34, 34, 34, 34, 34, 34, 34, 107, 107, 106, 106
DB 106, 105, 105, 105, 105, 105, 105, 106, 106, 107, 34, 34, 34, 34, 34, 34, 34, 34, 34, 34
DB 34, 35, 35, 35, 35, 35, 34, 245, 245, 245, 245, 245, 245, 35, 35, 35, 35, 34, 34, 34
DB 34, 34, 34, 34, 34, 34, 107, 107, 106, 106, 106, 105, 105, 105, 105, 105, 105, 106, 106, 107
DB 34, 34, 34, 34, 34, 34, 34, 34, 34, 34, 34, 35, 35, 35, 35, 35, 34, 245, 245, 245
DB 245, 245, 245, 35, 34, 34, 34, 34, 34, 34, 34, 34, 34, 34, 107, 107, 106, 106, 106, 105
DB 106, 106, 106, 106, 105, 105, 105, 105, 105, 105, 34, 34, 34, 34, 34, 34, 35, 35, 35, 35
DB 35, 35, 35, 35, 35, 105, 245, 34, 245, 245, 245, 245, 35, 35, 34, 34, 34, 34, 34, 34
DB 34, 107, 107, 107, 106, 106, 106, 105, 105, 34, 34, 107, 106, 105, 106, 105, 106, 106, 106, 105
DB 105, 105, 34, 105, 34, 34, 34, 35, 34, 34, 34, 34, 34, 34, 105, 105, 34, 245, 245, 245
DB 245, 245, 245, 34, 34, 34, 34, 34, 34, 107, 34, 107, 107, 106, 106, 106, 105, 34, 34, 34
DB 34, 107, 106, 106, 106, 105, 106, 106, 107, 107, 106, 106, 105, 106, 105, 105, 105, 105, 105, 105
DB 105, 105, 105, 105, 105, 105, 34, 245, 245, 245, 245, 245, 245, 34, 34, 34, 34, 34, 107, 107
DB 107, 106, 106, 106, 105, 105, 34, 34, 34, 34, 107, 107, 107, 105, 107, 105, 106, 34, 107, 107
DB 107, 107, 106, 106, 106, 105, 105, 105, 105, 105, 105, 105, 105, 105, 105, 106, 34, 245, 245, 245
DB 245, 245, 245, 34, 34, 34, 34, 34, 107, 107, 106, 106, 106, 105, 106, 34, 34, 34, 34, 107
DB 107, 107, 105, 34, 107, 105, 105, 34, 34, 34, 107, 107, 107, 106, 106, 106, 106, 105, 106, 106
DB 106, 106, 106, 106, 106, 245, 34, 245, 245, 245, 245, 245, 245, 245, 34, 34, 34, 107, 106, 106
DB 106, 105, 105, 34, 34, 35, 34, 34, 34, 107, 107, 106, 105, 105, 34, 106, 105, 105, 34, 34
DB 34, 34, 107, 107, 107, 107, 107, 106, 107, 106, 106, 106, 106, 106, 106, 34, 245, 245, 245, 245
DB 245, 245, 245, 245, 34, 34, 107, 106, 106, 106, 105, 105, 35, 34, 35, 34, 34, 34, 34, 107
DB 106, 106, 105, 34, 34, 107, 106, 34, 34, 34, 34, 34, 34, 34, 107, 107, 107, 107, 107, 107
DB 107, 107, 107, 107, 107, 34, 34, 245, 245, 245, 245, 245, 245, 245, 34, 107, 106, 106, 106, 105
DB 105, 105, 35, 35, 34, 34, 34, 34, 107, 106, 106, 106, 105, 34, 34, 106, 106, 105, 105, 34
DB 34, 34, 34, 34, 34, 34, 107, 34, 107, 107, 107, 107, 107, 107, 107, 34, 245, 245, 245, 245
DB 245, 245, 245, 245, 34, 34, 106, 106, 105, 105, 105, 35, 35, 35, 34, 34, 34, 107, 107, 107
DB 106, 105, 105, 34, 34, 107, 107, 106, 105, 105, 34, 34, 34, 34, 34, 34, 34, 34, 34, 34
DB 34, 34, 34, 34, 34, 245, 245, 245, 245, 245, 245, 245, 245, 245, 245, 34, 106, 105, 105, 105
DB 35, 35, 35, 35, 34, 34, 34, 34, 107, 106, 105, 105, 105, 34, 34, 34, 107, 106, 106, 105
DB 106, 35, 35, 34, 34, 34, 34, 34, 34, 34, 34, 34, 34, 34, 34, 245, 245, 245, 245, 245
DB 245, 245, 245, 245, 245, 34, 34, 106, 105, 105, 35, 35, 35, 34, 34, 34, 34, 107, 107, 106
DB 106, 105, 34, 35, 34, 34, 107, 106, 106, 105, 105, 34, 35, 35, 35, 34, 34, 34, 34, 34
DB 34, 34, 35, 34, 34, 245, 245, 245, 245, 245, 245, 245, 245, 245, 245, 245, 34, 34, 105, 105
DB 35, 35, 35, 34, 34, 34, 34, 107, 107, 106, 105, 105, 34, 35, 34, 34, 34, 107, 107, 106
DB 105, 105, 35, 35, 35, 35, 34, 35, 34, 34, 34, 35, 35, 35, 245, 245, 245, 245, 245, 245
DB 245, 245, 245, 245, 245, 245, 245, 34, 105, 34, 35, 35, 35, 34, 34, 34, 34, 107, 106, 106
DB 105, 105, 34, 35, 34, 34, 34, 107, 107, 106, 105, 105, 105, 35, 35, 35, 35, 35, 35, 35
DB 35, 35, 35, 245, 245, 245, 245, 245, 245, 245, 245, 245, 245, 245, 245, 245, 245, 34, 34, 34
DB 35, 35, 34, 34, 34, 34, 34, 107, 106, 106, 105, 105, 34, 35, 34, 34, 34, 34, 107, 107
DB 106, 105, 105, 105, 35, 35, 35, 35, 35, 35, 35, 35, 245, 245, 245, 245, 245, 245, 245, 245
DB 245, 245, 245, 245, 245, 245, 245, 245, 34, 34, 35, 35, 34, 34, 34, 34, 107, 107, 106, 106
DB 105, 105, 34, 35, 34, 34, 34, 34, 107, 107, 107, 106, 105, 105, 105, 34, 105, 34, 35, 34
DB 34, 245, 245, 245, 245, 245, 245, 245, 245, 245, 245, 245, 245, 245, 245, 245, 245, 245, 245, 245
DB 35, 35, 35, 34, 34, 34, 107, 107, 106, 106, 105, 105, 34, 35, 35, 34, 34, 34, 34, 107
DB 106, 106, 106, 105, 105, 105, 105, 105, 105, 34, 245, 245, 245, 245, 245, 245, 245, 245, 245, 245
DB 245, 245, 245, 245, 245, 245, 245, 245, 245, 245, 245, 35, 35, 35, 34, 34, 107, 107, 106, 106
DB 105, 105, 34, 35, 35, 34, 34, 34, 34, 34, 107, 107, 106, 106, 106, 105, 245, 34, 34, 34
DB 245, 245, 245, 245, 245, 245, 245, 245, 245, 245, 245, 245, 245, 245, 245, 245, 245, 245, 245, 245
DB 245, 245, 35, 35, 35, 34, 107, 107, 106, 106, 105, 105, 105, 35, 35, 34, 34, 34, 34, 34
DB 34, 107, 107, 106, 106, 106, 34, 245, 245, 245, 245, 245, 245, 245, 245, 245, 245, 245, 245, 245
DB 245, 245, 245, 245, 245, 245, 245, 245, 245, 245, 245, 245, 245, 34, 34, 34, 107, 107, 106, 106
DB 106, 105, 34, 35, 35, 35, 34, 34, 34, 34, 34, 34, 107, 107, 34, 34, 34, 245, 245, 245
DB 245, 245, 245, 245, 245, 245, 245, 245, 245, 245, 245, 245, 245, 245, 245, 245, 245, 245, 245, 245
DB 245, 245, 245, 245, 34, 245, 34, 107, 107, 106, 106, 105, 105, 105, 35, 35, 34, 34, 34, 34
DB 34, 34, 34, 34, 245, 34, 245, 245, 245, 245, 245, 245, 245, 245, 245, 245, 245, 245, 245, 245
DB 245, 245, 245, 245, 245, 245, 245, 245, 245, 245, 245, 245, 245, 245, 245, 245, 245, 34, 34, 34
DB 34, 34, 245, 245, 34, 35, 35, 34, 35, 34, 34, 245, 245, 34, 245, 245, 245, 245, 245, 245
DB 245, 245, 245, 245, 245, 245, 245, 245, 245, 245, 245, 245, 245, 245, 245, 245, 245, 245, 245, 245
DB 245, 245, 245, 245, 245, 245, 245, 245, 245, 245, 34, 34, 245, 34, 34, 34, 245, 35, 35, 245
DB 245, 245, 245, 245, 245, 245, 245, 245, 245, 245, 245, 245, 245, 245, 245, 245, 245, 245, 245, 245
DB 245, 245, 245, 245, 245, 245, 245, 245, 245, 245, 245, 245, 245, 245, 245, 245, 245, 245, 245, 245
DB 245, 245, 245, 245, 245, 245, 245, 245, 245, 245, 245, 245, 245, 245, 245, 245, 245, 245, 245, 245
DB 245, 245, 245, 245, 245, 245, 245, 245, 245, 245, 245, 245, 245, 245, 245, 245, 245, 245, 245, 245
DB 245, 245, 245, 245, 245, 245, 245, 245, 245, 245, 245, 245, 245, 245, 245, 245, 245, 245, 245, 245
DB 245, 245, 245, 245, 245, 245, 245, 245, 245, 245, 245, 245, 245, 245, 245, 245, 245, 245, 245, 245